t,x0,x1
0,0,1
0.0025,0.0025,0.999997
0.005,0.00499998,0.999988
0.0075,0.00749994,0.999972
0.01,0.00999984,0.99995
0.0125,0.0124997,0.999922
0.015,0.0149995,0.999888
0.0175,0.0174991,0.999847
0.02,0.0199987,0.9998
0.0225,0.0224981,0.999747
0.025,0.0249974,0.999688
0.0275,0.0274966,0.999622
0.03,0.0299955,0.99955
0.0325,0.0324943,0.999472
0.035,0.0349929,0.999388
0.0375,0.0374913,0.999297
0.04,0.0399894,0.9992
0.0425,0.0424873,0.999097
0.045,0.0449849,0.998988
0.0475,0.0474822,0.998872
0.05,0.0499792,0.99875
0.0525,0.0524759,0.998622
0.055,0.0549723,0.998488
0.0575,0.0574684,0.998347
0.06,0.0599641,0.998201
0.0625,0.0624594,0.998048
0.065,0.0649543,0.997888
0.0675,0.0674488,0.997723
0.07,0.0699429,0.997551
0.0725,0.0724366,0.997373
0.075,0.0749298,0.997189
0.0775,0.0774225,0.996998
0.08,0.0799148,0.996802
0.0825,0.0824065,0.996599
0.085,0.0848978,0.99639
0.0875,0.0873885,0.996174
0.09,0.0898786,0.995953
0.0925,0.0923682,0.995725
0.095,0.0948573,0.995491
0.0975,0.0973457,0.995251
0.1,0.0998335,0.995004
0.1025,0.102321,0.994751
0.105,0.104807,0.994493
0.1075,0.107293,0.994227
0.11,0.109778,0.993956
0.1125,0.112263,0.993679
0.115,0.114747,0.993395
0.1175,0.11723,0.993105
0.12,0.119712,0.992809
0.1225,0.122194,0.992506
0.125,0.124675,0.992198
0.1275,0.127155,0.991883
0.13,0.129634,0.991562
0.1325,0.132113,0.991235
0.135,0.13459,0.990901
0.1375,0.137067,0.990562
0.14,0.139543,0.990216
0.1425,0.142018,0.989864
0.145,0.144493,0.989506
0.1475,0.146966,0.989142
0.15,0.149438,0.988771
0.1525,0.15191,0.988394
0.155,0.15438,0.988012
0.1575,0.15685,0.987622
0.16,0.159318,0.987227
0.1625,0.161786,0.986826
0.165,0.164253,0.986418
0.1675,0.166718,0.986005
0.17,0.169183,0.985585
0.1725,0.171646,0.985159
0.175,0.174108,0.984727
0.1775,0.17657,0.984288
0.18,0.17903,0.983844
0.1825,0.181489,0.983393
0.185,0.183947,0.982936
0.1875,0.186403,0.982473
0.19,0.188859,0.982004
0.1925,0.191314,0.981529
0.195,0.193767,0.981048
0.1975,0.196219,0.98056
0.2,0.19867,0.980067
0.2025,0.201119,0.979567
0.205,0.203567,0.979061
0.2075,0.206014,0.978549
0.21,0.20846,0.978031
0.2125,0.210905,0.977507
0.215,0.213348,0.976976
0.2175,0.215789,0.97644
0.22,0.21823,0.975897
0.2225,0.220669,0.975349
0.225,0.223107,0.974794
0.2275,0.225543,0.974233
0.23,0.227978,0.973666
0.2325,0.230411,0.973093
0.235,0.232843,0.972514
0.2375,0.235274,0.971929
0.24,0.237703,0.971338
0.2425,0.24013,0.970741
0.245,0.242557,0.970137
0.2475,0.244981,0.969528
0.25,0.247404,0.968912
0.2525,0.249826,0.968291
0.255,0.252246,0.967663
0.2575,0.254664,0.96703
0.26,0.257081,0.96639
0.2625,0.259496,0.965744
0.265,0.26191,0.965092
0.2675,0.264321,0.964435
0.27,0.266732,0.963771
0.2725,0.26914,0.963101
0.275,0.271547,0.962425
0.2775,0.273952,0.961743
0.28,0.276356,0.961055
0.2825,0.278758,0.960361
0.285,0.281158,0.959662
0.2875,0.283556,0.958956
0.29,0.285953,0.958244
0.2925,0.288347,0.957526
0.295,0.29074,0.956802
0.2975,0.293131,0.956072
0.3,0.295521,0.955336
0.3025,0.297908,0.954595
0.305,0.300293,0.953847
0.3075,0.302677,0.953093
0.31,0.305059,0.952333
0.3125,0.307439,0.951568
0.315,0.309817,0.950796
0.3175,0.312193,0.950019
0.32,0.314567,0.949235
0.3225,0.316939,0.948446
0.325,0.319309,0.947651
0.3275,0.321677,0.946849
0.33,0.324043,0.946042
0.3325,0.326407,0.945229
0.335,0.328769,0.94441
0.3375,0.331129,0.943585
0.34,0.333487,0.942755
0.3425,0.335843,0.941918
0.345,0.338197,0.941075
0.3475,0.340549,0.940227
0.35,0.342898,0.939373
0.3525,0.345246,0.938512
0.355,0.347591,0.937646
0.3575,0.349934,0.936774
0.36,0.352275,0.935897
0.3625,0.354613,0.935013
0.365,0.35695,0.934124
0.3675,0.359284,0.933228
0.37,0.361616,0.932327
0.3725,0.363945,0.93142
0.375,0.366273,0.930507
0.3775,0.368598,0.929589
0.38,0.370921,0.928664
0.3825,0.373241,0.927734
0.385,0.37556,0.926798
0.3875,0.377875,0.925856
0.39,0.380189,0.924909
0.3925,0.3825,0.923956
0.395,0.384809,0.922996
0.3975,0.387115,0.922032
0.4,0.389419,0.921061
0.4025,0.39172,0.920084
0.405,0.394019,0.919102
0.4075,0.396316,0.918114
0.41,0.39861,0.917121
0.4125,0.400901,0.916121
0.415,0.40319,0.915116
0.4175,0.405477,0.914105
0.42,0.407761,0.913089
0.4225,0.410042,0.912067
0.425,0.412321,0.911039
0.4275,0.414597,0.910005
0.43,0.416871,0.908966
0.4325,0.419142,0.907921
0.435,0.421411,0.90687
0.4375,0.423677,0.905813
0.44,0.42594,0.904751
0.4425,0.4282,0.903684
0.445,0.430458,0.90261
0.4475,0.432713,0.901532
0.45,0.434966,0.900447
0.4525,0.437216,0.899357
0.455,0.439463,0.898261
0.4575,0.441707,0.897159
0.46,0.443949,0.896052
0.4625,0.446187,0.89494
0.465,0.448423,0.893821
0.4675,0.450656,0.892697
0.47,0.452887,0.891568
0.4725,0.455114,0.890433
0.475,0.457339,0.889292
0.4775,0.459561,0.888146
0.48,0.46178,0.886995
0.4825,0.463996,0.885837
0.485,0.466209,0.884675
0.4875,0.468419,0.883506
0.49,0.470626,0.882333
0.4925,0.472831,0.881153
0.495,0.475032,0.879968
0.4975,0.477231,0.878778
0.5,0.479426,0.877582
0.5025,0.481618,0.876381
0.505,0.483808,0.875174
0.5075,0.485994,0.873962
0.51,0.488178,0.872744
0.5125,0.490358,0.871521
0.515,0.492535,0.870292
0.5175,0.49471,0.869058
0.52,0.496881,0.867819
0.5225,0.499049,0.866574
0.525,0.501213,0.865324
0.5275,0.503375,0.864068
0.53,0.505534,0.862807
0.5325,0.507689,0.86154
0.535,0.509842,0.860268
0.5375,0.511991,0.858991
0.54,0.514136,0.857708
0.5425,0.516279,0.85642
0.545,0.518419,0.855127
0.5475,0.520555,0.853828
0.55,0.522688,0.852524
0.5525,0.524817,0.851215
0.555,0.526944,0.8499
0.5575,0.529067,0.84858
0.56,0.531187,0.847255
0.5625,0.533303,0.845924
0.565,0.535416,0.844588
0.5675,0.537526,0.843247
0.57,0.539633,0.841901
0.5725,0.541736,0.840549
0.575,0.543835,0.839192
0.5775,0.545932,0.83783
0.58,0.548024,0.836462
0.5825,0.550114,0.83509
0.585,0.5522,0.833712
0.5875,0.554282,0.832329
0.59,0.556362,0.83094
0.5925,0.558437,0.829547
0.595,0.560509,0.828148
0.5975,0.562578,0.826744
0.6,0.564643,0.825335
0.6025,0.566705,0.823921
0.605,0.568763,0.822502
0.6075,0.570817,0.821077
0.61,0.572868,0.819648
0.6125,0.574915,0.818213
0.615,0.576959,0.816773
0.6175,0.578999,0.815328
0.62,0.581036,0.813878
0.6225,0.583069,0.812423
0.625,0.585098,0.810963
0.6275,0.587123,0.809497
0.63,0.589145,0.808027
0.6325,0.591164,0.806552
0.635,0.593178,0.805071
0.6375,0.595189,0.803586
0.64,0.597196,0.802095
0.6425,0.599199,0.8006
0.645,0.601199,0.799099
0.6475,0.603195,0.797594
0.65,0.605187,0.796083
0.6525,0.607175,0.794568
0.655,0.60916,0.793048
0.6575,0.611141,0.791522
0.66,0.613117,0.789992
0.6625,0.61509,0.788457
0.665,0.61706,0.786916
0.6675,0.619025,0.785371
0.67,0.620987,0.783821
0.6725,0.622944,0.782266
0.675,0.624898,0.780707
0.6775,0.626848,0.779142
0.68,0.628794,0.777572
0.6825,0.630736,0.775998
0.685,0.632674,0.774419
0.6875,0.634608,0.772834
0.69,0.636538,0.771246
0.6925,0.638464,0.769652
0.695,0.640386,0.768053
0.6975,0.642304,0.76645
0.7,0.644218,0.764842
0.7025,0.646128,0.763229
0.705,0.648034,0.761611
0.7075,0.649936,0.759989
0.71,0.651834,0.758361
0.7125,0.653728,0.756729
0.715,0.655618,0.755093
0.7175,0.657504,0.753451
0.72,0.659385,0.751805
0.7225,0.661263,0.750154
0.725,0.663136,0.748499
0.7275,0.665005,0.746839
0.73,0.66687,0.745174
0.7325,0.668731,0.743504
0.735,0.670588,0.74183
0.7375,0.67244,0.740151
0.74,0.674288,0.738468
0.7425,0.676133,0.73678
0.745,0.677972,0.735087
0.7475,0.679808,0.73339
0.75,0.681639,0.731688
0.7525,0.683466,0.729982
0.755,0.685289,0.728271
0.7575,0.687108,0.726556
0.76,0.688922,0.724835
0.7625,0.690732,0.723111
0.765,0.692538,0.721382
0.7675,0.694339,0.719648
0.77,0.696136,0.71791
0.7725,0.697928,0.716168
0.775,0.699717,0.71442
0.7775,0.701501,0.712669
0.78,0.70328,0.710913
0.7825,0.705055,0.709153
0.785,0.706826,0.707388
0.7875,0.708592,0.705618
0.79,0.710354,0.703845
0.7925,0.712111,0.702067
0.795,0.713864,0.700284
0.7975,0.715613,0.698497
0.8,0.717357,0.696706
0.8025,0.719096,0.694911
0.805,0.720831,0.693111
0.8075,0.722562,0.691306
0.81,0.724288,0.689498
0.8125,0.726009,0.687685
0.815,0.727726,0.685868
0.8175,0.729439,0.684046
0.82,0.731146,0.682221
0.8225,0.73285,0.680391
0.825,0.734548,0.678556
0.8275,0.736242,0.676718
0.83,0.737932,0.674875
0.8325,0.739617,0.673028
0.835,0.741297,0.671177
0.8375,0.742973,0.669322
0.84,0.744644,0.667462
0.8425,0.74631,0.665598
0.845,0.747972,0.663731
0.8475,0.749629,0.661859
0.85,0.751281,0.659982
0.8525,0.752929,0.658102
0.855,0.754572,0.656218
0.8575,0.75621,0.654329
0.86,0.757843,0.652437
0.8625,0.759472,0.65054
0.865,0.761096,0.648639
0.8675,0.762715,0.646735
0.87,0.76433,0.644826
0.8725,0.765939,0.642913
0.875,0.767544,0.640996
0.8775,0.769144,0.639075
0.88,0.770739,0.63715
0.8825,0.77233,0.635222
0.885,0.773916,0.633289
0.8875,0.775496,0.631352
0.89,0.777072,0.629411
0.8925,0.778643,0.627467
0.895,0.78021,0.625518
0.8975,0.781771,0.623566
0.9,0.783327,0.621609
0.9025,0.784879,0.619649
0.905,0.786426,0.617685
0.9075,0.787967,0.615717
0.91,0.789504,0.613745
0.9125,0.791036,0.611769
0.915,0.792563,0.60979
0.9175,0.794085,0.607807
0.92,0.795602,0.605819
0.9225,0.797114,0.603828
0.925,0.798621,0.601834
0.9275,0.800123,0.599835
0.93,0.801621,0.597833
0.9325,0.803113,0.595827
0.935,0.8046,0.593818
0.9375,0.806082,0.591804
0.94,0.807559,0.589787
0.9425,0.809031,0.587766
0.945,0.810498,0.585742
0.9475,0.811959,0.583714
0.95,0.813416,0.581682
0.9525,0.814868,0.579647
0.955,0.816314,0.577608
0.9575,0.817756,0.575565
0.96,0.819192,0.573519
0.9625,0.820623,0.571469
0.965,0.822049,0.569416
0.9675,0.82347,0.567359
0.97,0.824886,0.565299
0.9725,0.826297,0.563235
0.975,0.827702,0.561167
0.9775,0.829103,0.559096
0.98,0.830498,0.557022
0.9825,0.831888,0.554944
0.985,0.833273,0.552862
0.9875,0.834652,0.550777
0.99,0.836027,0.548689
0.9925,0.837396,0.546597
0.995,0.83876,0.544502
0.9975,0.840118,0.542403
1,0.841472,0.540301
1.0025,0.84282,0.538196
1.005,0.844163,0.536087
1.0075,0.8455,0.533975
1.01,0.846832,0.53186
1.0125,0.848159,0.529741
1.015,0.849481,0.527619
1.0175,0.850798,0.525494
1.02,0.852109,0.523365
1.0225,0.853414,0.521233
1.025,0.854715,0.519098
1.0275,0.85601,0.51696
1.03,0.8573,0.514818
1.0325,0.858584,0.512673
1.035,0.859863,0.510525
1.0375,0.861137,0.508374
1.04,0.862405,0.506219
1.0425,0.863668,0.504062
1.045,0.864925,0.501901
1.0475,0.866177,0.499737
1.05,0.867424,0.49757
1.0525,0.868665,0.4954
1.055,0.869901,0.493227
1.0575,0.871131,0.49105
1.06,0.872356,0.488871
1.0625,0.873575,0.486689
1.065,0.874789,0.484503
1.0675,0.875998,0.482315
1.07,0.877201,0.480123
1.0725,0.878399,0.477929
1.075,0.879591,0.475731
1.0775,0.880777,0.473531
1.08,0.881958,0.471327
1.0825,0.883134,0.469121
1.085,0.884304,0.466912
1.0875,0.885468,0.464699
1.09,0.886627,0.462484
1.0925,0.887781,0.460266
1.095,0.888929,0.458045
1.0975,0.890071,0.455822
1.1,0.891208,0.453595
1.1025,0.892339,0.451366
1.105,0.893465,0.449133
1.1075,0.894585,0.446898
1.11,0.895699,0.44466
1.1125,0.896808,0.44242
1.115,0.897911,0.440176
1.1175,0.899009,0.43793
1.12,0.900101,0.435681
1.1225,0.901187,0.43343
1.125,0.902268,0.431175
1.1275,0.903343,0.428918
1.13,0.904413,0.426659
1.1325,0.905477,0.424396
1.135,0.906535,0.422131
1.1375,0.907587,0.419864
1.14,0.908634,0.417593
1.1425,0.909675,0.415321
1.145,0.910711,0.413045
1.1475,0.91174,0.410767
1.15,0.912764,0.408486
1.1525,0.913783,0.406203
1.155,0.914795,0.403917
1.1575,0.915802,0.401629
1.16,0.916804,0.399338
1.1625,0.917799,0.397045
1.165,0.918789,0.394749
1.1675,0.919773,0.392451
1.17,0.920751,0.390151
1.1725,0.921724,0.387847
1.175,0.92269,0.385542
1.1775,0.923651,0.383234
1.18,0.924606,0.380924
1.1825,0.925556,0.378611
1.185,0.9265,0.376296
1.1875,0.927437,0.373978
1.19,0.928369,0.371659
1.1925,0.929296,0.369337
1.195,0.930216,0.367012
1.1975,0.931131,0.364686
1.2,0.93204,0.362357
1.2025,0.932943,0.360025
1.205,0.93384,0.357692
1.2075,0.934731,0.355356
1.21,0.935616,0.353018
1.2125,0.936496,0.350678
1.215,0.93737,0.348336
1.2175,0.938238,0.345991
1.22,0.9391,0.343645
1.2225,0.939956,0.341296
1.225,0.940806,0.338945
1.2275,0.941651,0.336592
1.23,0.942489,0.334237
1.2325,0.943322,0.331879
1.235,0.944149,0.32952
1.2375,0.944969,0.327159
1.24,0.945784,0.324795
1.2425,0.946593,0.32243
1.245,0.947397,0.320062
1.2475,0.948194,0.317693
1.25,0.948985,0.315321
1.2525,0.94977,0.312948
1.255,0.95055,0.310572
1.2575,0.951323,0.308195
1.26,0.952091,0.305816
1.2625,0.952852,0.303434
1.265,0.953608,0.301051
1.2675,0.954358,0.298666
1.27,0.955101,0.29628
1.2725,0.955839,0.293891
1.275,0.956571,0.2915
1.2775,0.957296,0.289108
1.28,0.958016,0.286714
1.2825,0.95873,0.284318
1.285,0.959438,0.28192
1.2875,0.96014,0.279521
1.29,0.960835,0.27712
1.2925,0.961525,0.274717
1.295,0.962209,0.272312
1.2975,0.962887,0.269906
1.3,0.963559,0.267498
1.3025,0.964224,0.265088
1.305,0.964884,0.262676
1.3075,0.965538,0.260263
1.31,0.966185,0.257849
1.3125,0.966827,0.255432
1.315,0.967462,0.253015
1.3175,0.968092,0.250595
1.32,0.968715,0.248174
1.3225,0.969333,0.245752
1.325,0.969944,0.243327
1.3275,0.970549,0.240902
1.33,0.971149,0.238475
1.3325,0.971742,0.236046
1.335,0.972329,0.233616
1.3375,0.97291,0.231184
1.34,0.973485,0.228751
1.3425,0.974054,0.226317
1.345,0.974616,0.223881
1.3475,0.975173,0.221444
1.35,0.975724,0.219005
1.3525,0.976268,0.216565
1.355,0.976806,0.214124
1.3575,0.977339,0.211681
1.36,0.977865,0.209237
1.3625,0.978385,0.206792
1.365,0.978899,0.204345
1.3675,0.979407,0.201897
1.37,0.979908,0.199448
1.3725,0.980404,0.196998
1.375,0.980893,0.194546
1.3775,0.981377,0.192093
1.38,0.981854,0.189639
1.3825,0.982325,0.187184
1.385,0.98279,0.184728
1.3875,0.983248,0.18227
1.39,0.983701,0.179812
1.3925,0.984148,0.177352
1.395,0.984588,0.174891
1.3975,0.985022,0.172429
1.4,0.98545,0.169966
1.4025,0.985872,0.167502
1.405,0.986287,0.165036
1.4075,0.986697,0.16257
1.41,0.9871,0.160103
1.4125,0.987498,0.157635
1.415,0.987889,0.155165
1.4175,0.988273,0.152695
1.42,0.988652,0.150224
1.4225,0.989024,0.147752
1.425,0.989391,0.145279
1.4275,0.989751,0.142805
1.43,0.990105,0.14033
1.4325,0.990453,0.137854
1.435,0.990794,0.135378
1.4375,0.991129,0.1329
1.44,0.991459,0.130422
1.4425,0.991782,0.127943
1.445,0.992098,0.125463
1.4475,0.992409,0.122983
1.45,0.992713,0.120501
1.4525,0.993011,0.118019
1.455,0.993303,0.115536
1.4575,0.993589,0.113053
1.46,0.993869,0.110568
1.4625,0.994142,0.108083
1.465,0.994409,0.105598
1.4675,0.99467,0.103111
1.47,0.994925,0.100624
1.4725,0.995173,0.0981366
1.475,0.995415,0.0956483
1.4775,0.995651,0.0931595
1.48,0.995881,0.0906701
1.4825,0.996105,0.0881801
1.485,0.996322,0.0856896
1.4875,0.996533,0.0831985
1.49,0.996738,0.0807069
1.4925,0.996937,0.0782148
1.495,0.997129,0.0757222
1.4975,0.997315,0.0732292
1.5,0.997495,0.0707356
1.5025,0.997669,0.0682417
1.505,0.997836,0.0657473
1.5075,0.997998,0.0632525
1.51,0.998153,0.0607573
1.5125,0.998301,0.0582617
1.515,0.998444,0.0557658
1.5175,0.99858,0.0532695
1.52,0.99871,0.0507729
1.5225,0.998834,0.048276
1.525,0.998952,0.0457787
1.5275,0.999063,0.0432812
1.53,0.999168,0.0407834
1.5325,0.999267,0.0382854
1.535,0.999359,0.0357871
1.5375,0.999446,0.0332886
1.54,0.999526,0.0307899
1.5425,0.9996,0.0282909
1.545,0.999667,0.0257919
1.5475,0.999729,0.0232926
1.55,0.999784,0.0207932
1.5525,0.999833,0.0182937
1.555,0.999875,0.0157941
1.5575,0.999912,0.0132943
1.56,0.999942,0.0107945
1.5625,0.999966,0.0082946
1.565,0.999983,0.00579466
1.5675,0.999995,0.00329469
1.57,1,0.000794691
1.5725,0.999999,-0.00170531
1.575,0.999991,-0.0042053
1.5775,0.999978,-0.00670527
1.58,0.999958,-0.00920519
1.5825,0.999931,-0.0117051
1.585,0.999899,-0.0142048
1.5875,0.99986,-0.0167045
1.59,0.999816,-0.0192041
1.5925,0.999764,-0.0217036
1.595,0.999707,-0.024203
1.5975,0.999643,-0.0267022
1.6,0.999574,-0.0292012
1.6025,0.999497,-0.0317
1.605,0.999415,-0.0341987
1.6075,0.999326,-0.0366971
1.61,0.999232,-0.0391953
1.6125,0.99913,-0.0416933
1.615,0.999023,-0.044191
1.6175,0.99891,-0.0466884
1.62,0.99879,-0.0491855
1.6225,0.998664,-0.0516823
1.625,0.998531,-0.0541788
1.6275,0.998393,-0.056675
1.63,0.998248,-0.0591708
1.6325,0.998097,-0.0616662
1.635,0.99794,-0.0641613
1.6375,0.997776,-0.0666559
1.64,0.997606,-0.0691502
1.6425,0.99743,-0.071644
1.645,0.997248,-0.0741373
1.6475,0.99706,-0.0766302
1.65,0.996865,-0.0791226
1.6525,0.996664,-0.0816145
1.655,0.996457,-0.0841059
1.6575,0.996243,-0.0865968
1.66,0.996024,-0.0890871
1.6625,0.995798,-0.0915769
1.665,0.995566,-0.0940661
1.6675,0.995328,-0.0965548
1.67,0.995083,-0.0990428
1.6725,0.994832,-0.10153
1.675,0.994576,-0.104017
1.6775,0.994312,-0.106503
1.68,0.994043,-0.108988
1.6825,0.993767,-0.111473
1.685,0.993486,-0.113957
1.6875,0.993198,-0.116441
1.69,0.992903,-0.118923
1.6925,0.992603,-0.121405
1.695,0.992296,-0.123886
1.6975,0.991984,-0.126367
1.7,0.991665,-0.128846
1.7025,0.991339,-0.131325
1.705,0.991008,-0.133803
1.7075,0.99067,-0.13628
1.71,0.990327,-0.138756
1.7125,0.989977,-0.141232
1.715,0.98962,-0.143706
1.7175,0.989258,-0.14618
1.72,0.98889,-0.148652
1.7225,0.988515,-0.151124
1.725,0.988134,-0.153595
1.7275,0.987747,-0.156065
1.73,0.987354,-0.158534
1.7325,0.986954,-0.161002
1.735,0.986549,-0.163469
1.7375,0.986137,-0.165934
1.74,0.985719,-0.168399
1.7425,0.985295,-0.170863
1.745,0.984865,-0.173326
1.7475,0.984428,-0.175787
1.75,0.983986,-0.178248
1.7525,0.983537,-0.180707
1.755,0.983082,-0.183166
1.7575,0.982621,-0.185623
1.76,0.982154,-0.188079
1.7625,0.981681,-0.190533
1.765,0.981201,-0.192987
1.7675,0.980716,-0.195439
1.77,0.980224,-0.197891
1.7725,0.979726,-0.200341
1.775,0.979222,-0.202789
1.7775,0.978712,-0.205237
1.78,0.978196,-0.207683
1.7825,0.977674,-0.210128
1.785,0.977146,-0.212571
1.7875,0.976611,-0.215013
1.79,0.976071,-0.217454
1.7925,0.975524,-0.219894
1.795,0.974971,-0.222332
1.7975,0.974412,-0.224769
1.8,0.973847,-0.227204
1.8025,0.973276,-0.229638
1.805,0.972699,-0.23207
1.8075,0.972116,-0.234501
1.81,0.971527,-0.236931
1.8125,0.970931,-0.239359
1.815,0.97033,-0.241786
1.8175,0.969722,-0.244211
1.82,0.969109,-0.246634
1.8225,0.968489,-0.249056
1.825,0.967863,-0.251477
1.8275,0.967232,-0.253895
1.83,0.966594,-0.256313
1.8325,0.96595,-0.258728
1.835,0.9653,-0.261143
1.8375,0.964644,-0.263555
1.84,0.963982,-0.265966
1.8425,0.963315,-0.268375
1.845,0.962641,-0.270782
1.8475,0.961961,-0.273188
1.85,0.961275,-0.275592
1.8525,0.960583,-0.277994
1.855,0.959885,-0.280395
1.8575,0.959181,-0.282794
1.86,0.958471,-0.285191
1.8625,0.957755,-0.287586
1.865,0.957033,-0.28998
1.8675,0.956305,-0.292371
1.87,0.955571,-0.294761
1.8725,0.954831,-0.297149
1.875,0.954085,-0.299535
1.8775,0.953333,-0.30192
1.88,0.952576,-0.304302
1.8825,0.951812,-0.306683
1.885,0.951042,-0.309061
1.8875,0.950267,-0.311438
1.89,0.949485,-0.313812
1.8925,0.948698,-0.316185
1.895,0.947904,-0.318556
1.8975,0.947105,-0.320925
1.9,0.946299,-0.323291
1.9025,0.945488,-0.325656
1.905,0.944671,-0.328019
1.9075,0.943848,-0.33038
1.91,0.943019,-0.332738
1.9125,0.942184,-0.335095
1.915,0.941344,-0.337449
1.9175,0.940497,-0.339801
1.92,0.939645,-0.342152
1.9225,0.938786,-0.3445
1.925,0.937922,-0.346845
1.9275,0.937052,-0.349189
1.93,0.936176,-0.351531
1.9325,0.935295,-0.35387
1.935,0.934407,-0.356207
1.9375,0.933514,-0.358542
1.94,0.932614,-0.360875
1.9425,0.931709,-0.363205
1.945,0.930798,-0.365533
1.9475,0.929882,-0.367859
1.95,0.928959,-0.370183
1.9525,0.928031,-0.372504
1.955,0.927096,-0.374823
1.9575,0.926156,-0.377139
1.96,0.925211,-0.379454
1.9625,0.924259,-0.381765
1.965,0.923302,-0.384075
1.9675,0.922339,-0.386382
1.97,0.92137,-0.388687
1.9725,0.920395,-0.390989
1.975,0.919415,-0.393289
1.9775,0.918429,-0.395586
1.98,0.917437,-0.397881
1.9825,0.91644,-0.400173
1.985,0.915436,-0.402463
1.9875,0.914427,-0.40475
1.99,0.913413,-0.407035
1.9925,0.912392,-0.409317
1.995,0.911366,-0.411597
1.9975,0.910334,-0.413874
2,0.909297,-0.416149
2.0025,0.908253,-0.418421
2.005,0.907204,-0.42069
2.0075,0.90615,-0.422957
2.01,0.90509,-0.425221
2.0125,0.904024,-0.427482
2.015,0.902952,-0.429741
2.0175,0.901875,-0.431997
2.02,0.900792,-0.43425
2.0225,0.899704,-0.436501
2.025,0.89861,-0.438749
2.0275,0.89751,-0.440994
2.03,0.896405,-0.443236
2.0325,0.895294,-0.445476
2.035,0.894177,-0.447713
2.0375,0.893055,-0.449947
2.04,0.891928,-0.452178
2.0425,0.890794,-0.454406
2.045,0.889656,-0.456632
2.0475,0.888511,-0.458855
2.05,0.887361,-0.461075
2.0525,0.886206,-0.463292
2.055,0.885045,-0.465506
2.0575,0.883878,-0.467717
2.06,0.882706,-0.469925
2.0625,0.881529,-0.47213
2.065,0.880346,-0.474333
2.0675,0.879157,-0.476532
2.07,0.877963,-0.478728
2.0725,0.876763,-0.480922
2.075,0.875558,-0.483112
2.0775,0.874348,-0.4853
2.08,0.873132,-0.487484
2.0825,0.87191,-0.489665
2.085,0.870684,-0.491844
2.0875,0.869451,-0.494019
2.09,0.868214,-0.496191
2.0925,0.86697,-0.49836
2.095,0.865722,-0.500526
2.0975,0.864468,-0.502688
2.1,0.863208,-0.504848
2.1025,0.861943,-0.507004
2.105,0.860673,-0.509158
2.1075,0.859398,-0.511308
2.11,0.858117,-0.513455
2.1125,0.85683,-0.515598
2.115,0.855539,-0.517739
2.1175,0.854242,-0.519876
2.12,0.852939,-0.52201
2.1225,0.851632,-0.524141
2.125,0.850319,-0.526268
2.1275,0.849,-0.528392
2.13,0.847677,-0.530513
2.1325,0.846348,-0.532631
2.135,0.845014,-0.534745
2.1375,0.843674,-0.536856
2.14,0.842329,-0.538963
2.1425,0.840979,-0.541067
2.145,0.839624,-0.543168
2.1475,0.838263,-0.545266
2.15,0.836898,-0.54736
2.1525,0.835527,-0.54945
2.155,0.83415,-0.551537
2.1575,0.832769,-0.553621
2.16,0.831382,-0.555701
2.1625,0.82999,-0.557778
2.165,0.828593,-0.559851
2.1675,0.827191,-0.561921
2.17,0.825784,-0.563987
2.1725,0.824371,-0.56605
2.175,0.822953,-0.568109
2.1775,0.821531,-0.570164
2.18,0.820103,-0.572216
2.1825,0.81867,-0.574265
2.185,0.817231,-0.57631
2.1875,0.815788,-0.578351
2.19,0.81434,-0.580389
2.1925,0.812886,-0.582423
2.195,0.811427,-0.584453
2.1975,0.809964,-0.58648
2.2,0.808495,-0.588503
2.2025,0.807021,-0.590522
2.205,0.805542,-0.592538
2.2075,0.804059,-0.59455
2.21,0.80257,-0.596558
2.2125,0.801076,-0.598563
2.215,0.799577,-0.600564
2.2175,0.798073,-0.602561
2.22,0.796564,-0.604554
2.2225,0.79505,-0.606544
2.225,0.793531,-0.608529
2.2275,0.792008,-0.610511
2.23,0.790479,-0.612489
2.2325,0.788945,-0.614464
2.235,0.787406,-0.616434
2.2375,0.785863,-0.618401
2.24,0.784314,-0.620363
2.2425,0.782761,-0.622322
2.245,0.781203,-0.624277
2.2475,0.77964,-0.626228
2.25,0.778072,-0.628175
2.2525,0.776499,-0.630119
2.255,0.774921,-0.632058
2.2575,0.773339,-0.633993
2.26,0.771751,-0.635925
2.2625,0.770159,-0.637852
2.265,0.768562,-0.639775
2.2675,0.76696,-0.641695
2.27,0.765353,-0.64361
2.2725,0.763742,-0.645522
2.275,0.762126,-0.647429
2.2775,0.760505,-0.649332
2.28,0.758879,-0.651231
2.2825,0.757249,-0.653127
2.285,0.755614,-0.655018
2.2875,0.753974,-0.656905
2.29,0.752329,-0.658788
2.2925,0.75068,-0.660666
2.295,0.749026,-0.662541
2.2975,0.747367,-0.664411
2.3,0.745704,-0.666278
2.3025,0.744036,-0.66814
2.305,0.742363,-0.669998
2.3075,0.740686,-0.671852
2.31,0.739004,-0.673701
2.3125,0.737317,-0.675547
2.315,0.735626,-0.677388
2.3175,0.73393,-0.679225
2.32,0.73223,-0.681058
2.3225,0.730525,-0.682886
2.325,0.728815,-0.68471
2.3275,0.727101,-0.68653
2.33,0.725383,-0.688346
2.3325,0.72366,-0.690157
2.335,0.721932,-0.691964
2.3375,0.7202,-0.693767
2.34,0.718463,-0.695565
2.3425,0.716722,-0.697359
2.345,0.714976,-0.699149
2.3475,0.713226,-0.700934
2.35,0.711472,-0.702715
2.3525,0.709713,-0.704491
2.355,0.707949,-0.706263
2.3575,0.706181,-0.708031
2.36,0.704409,-0.709794
2.3625,0.702632,-0.711553
2.365,0.700851,-0.713307
2.3675,0.699066,-0.715057
2.37,0.697276,-0.716803
2.3725,0.695482,-0.718544
2.375,0.693683,-0.72028
2.3775,0.69188,-0.722012
2.38,0.690073,-0.72374
2.3825,0.688262,-0.725463
2.385,0.686446,-0.727181
2.3875,0.684626,-0.728895
2.39,0.682801,-0.730604
2.3925,0.680973,-0.732309
2.395,0.67914,-0.734009
2.3975,0.677303,-0.735704
2.4,0.675461,-0.737395
2.4025,0.673616,-0.739082
2.405,0.671766,-0.740763
2.4075,0.669912,-0.742441
2.41,0.668054,-0.744113
2.4125,0.666191,-0.745781
2.415,0.664325,-0.747444
2.4175,0.662454,-0.749102
2.42,0.660579,-0.750756
2.4225,0.6587,-0.752405
2.425,0.656817,-0.75405
2.4275,0.65493,-0.755689
2.43,0.653039,-0.757324
2.4325,0.651143,-0.758955
2.435,0.649244,-0.76058
2.4375,0.647341,-0.762201
2.44,0.645433,-0.763817
2.4425,0.643522,-0.765428
2.445,0.641606,-0.767034
2.4475,0.639686,-0.768636
2.45,0.637763,-0.770233
2.4525,0.635835,-0.771825
2.455,0.633904,-0.773412
2.4575,0.631968,-0.774994
2.46,0.630029,-0.776572
2.4625,0.628085,-0.778145
2.465,0.626138,-0.779712
2.4675,0.624187,-0.781275
2.47,0.622232,-0.782833
2.4725,0.620273,-0.784386
2.475,0.61831,-0.785935
2.4775,0.616343,-0.787478
2.48,0.614372,-0.789016
2.4825,0.612398,-0.79055
2.485,0.610419,-0.792078
2.4875,0.608437,-0.793602
2.49,0.606451,-0.795121
2.4925,0.604462,-0.796634
2.495,0.602468,-0.798143
2.4975,0.600471,-0.799646
2.5,0.59847,-0.801145
2.5025,0.596465,-0.802639
2.505,0.594457,-0.804128
2.5075,0.592445,-0.805611
2.51,0.590429,-0.80709
2.5125,0.588409,-0.808563
2.515,0.586386,-0.810032
2.5175,0.584359,-0.811495
2.52,0.582329,-0.812954
2.5225,0.580294,-0.814407
2.525,0.578256,-0.815855
2.5275,0.576215,-0.817298
2.53,0.57417,-0.818736
2.5325,0.572121,-0.820169
2.535,0.570069,-0.821597
2.5375,0.568013,-0.823019
2.54,0.565954,-0.824437
2.5425,0.563891,-0.825849
2.545,0.561825,-0.827256
2.5475,0.559755,-0.828658
2.55,0.557682,-0.830055
2.5525,0.555605,-0.831447
2.555,0.553524,-0.832833
2.5575,0.55144,-0.834214
2.56,0.549353,-0.83559
2.5625,0.547263,-0.836961
2.565,0.545168,-0.838327
2.5675,0.543071,-0.839687
2.57,0.54097,-0.841042
2.5725,0.538866,-0.842392
2.575,0.536758,-0.843736
2.5775,0.534647,-0.845076
2.58,0.532533,-0.846409
2.5825,0.530415,-0.847738
2.585,0.528294,-0.849062
2.5875,0.52617,-0.85038
2.59,0.524042,-0.851692
2.5925,0.521911,-0.853
2.595,0.519777,-0.854302
2.5975,0.51764,-0.855599
2.6,0.515499,-0.85689
2.6025,0.513355,-0.858176
2.605,0.511208,-0.859457
2.6075,0.509058,-0.860732
2.61,0.506905,-0.862002
2.6125,0.504748,-0.863267
2.615,0.502588,-0.864526
2.6175,0.500425,-0.86578
2.62,0.498259,-0.867028
2.6225,0.49609,-0.868271
2.625,0.493918,-0.869509
2.6275,0.491743,-0.870741
2.63,0.489564,-0.871967
2.6325,0.487383,-0.873188
2.635,0.485198,-0.874404
2.6375,0.483011,-0.875614
2.64,0.48082,-0.876819
2.6425,0.478627,-0.878019
2.645,0.47643,-0.879212
2.6475,0.474231,-0.880401
2.65,0.472028,-0.881584
2.6525,0.469823,-0.882761
2.655,0.467614,-0.883933
2.6575,0.465403,-0.885099
2.66,0.463189,-0.88626
2.6625,0.460972,-0.887415
2.665,0.458752,-0.888564
2.6675,0.456529,-0.889709
2.67,0.454303,-0.890847
2.6725,0.452075,-0.89198
2.675,0.449843,-0.893108
2.6775,0.447609,-0.894229
2.68,0.445372,-0.895346
2.6825,0.443132,-0.896456
2.685,0.44089,-0.897561
2.6875,0.438645,-0.898661
2.69,0.436397,-0.899754
2.6925,0.434146,-0.900843
2.695,0.431892,-0.901925
2.6975,0.429636,-0.903002
2.7,0.427377,-0.904073
2.7025,0.425116,-0.905139
2.705,0.422852,-0.906199
2.7075,0.420585,-0.907253
2.71,0.418315,-0.908302
2.7125,0.416043,-0.909345
2.715,0.413769,-0.910382
2.7175,0.411491,-0.911414
2.72,0.409212,-0.91244
2.7225,0.406929,-0.91346
2.725,0.404644,-0.914474
2.7275,0.402357,-0.915483
2.73,0.400067,-0.916486
2.7325,0.397774,-0.917483
2.735,0.395479,-0.918475
2.7375,0.393182,-0.919461
2.74,0.390882,-0.920441
2.7425,0.38858,-0.921415
2.745,0.386275,-0.922384
2.7475,0.383968,-0.923346
2.75,0.381658,-0.924303
2.7525,0.379346,-0.925255
2.755,0.377032,-0.9262
2.7575,0.374715,-0.92714
2.76,0.372396,-0.928074
2.7625,0.370075,-0.929002
2.765,0.367751,-0.929924
2.7675,0.365425,-0.930841
2.77,0.363097,-0.931751
2.7725,0.360767,-0.932656
2.775,0.358434,-0.933555
2.7775,0.356099,-0.934448
2.78,0.353762,-0.935336
2.7825,0.351422,-0.936217
2.785,0.349081,-0.937093
2.7875,0.346737,-0.937962
2.79,0.344391,-0.938826
2.7925,0.342043,-0.939684
2.795,0.339692,-0.940537
2.7975,0.33734,-0.941383
2.8,0.334985,-0.942223
2.8025,0.332629,-0.943058
2.805,0.33027,-0.943886
2.8075,0.327909,-0.944709
2.81,0.325547,-0.945526
2.8125,0.323182,-0.946337
2.815,0.320815,-0.947142
2.8175,0.318446,-0.947941
2.82,0.316075,-0.948734
2.8225,0.313702,-0.949521
2.825,0.311328,-0.950303
2.8275,0.308951,-0.951078
2.83,0.306572,-0.951847
2.8325,0.304192,-0.952611
2.835,0.301809,-0.953368
2.8375,0.299425,-0.95412
2.84,0.297039,-0.954866
2.8425,0.29465,-0.955605
2.845,0.292261,-0.956339
2.8475,0.289869,-0.957066
2.85,0.287475,-0.957788
2.8525,0.28508,-0.958504
2.855,0.282683,-0.959213
2.8575,0.280284,-0.959917
2.86,0.277883,-0.960615
2.8625,0.275481,-0.961307
2.865,0.273077,-0.961992
2.8675,0.270671,-0.962672
2.87,0.268263,-0.963346
2.8725,0.265854,-0.964013
2.875,0.263443,-0.964675
2.8775,0.261031,-0.965331
2.88,0.258616,-0.96598
2.8825,0.256201,-0.966624
2.885,0.253783,-0.967261
2.8875,0.251364,-0.967893
2.89,0.248944,-0.968518
2.8925,0.246522,-0.969137
2.895,0.244098,-0.969751
2.8975,0.241673,-0.970358
2.9,0.239246,-0.970959
2.9025,0.236818,-0.971554
2.905,0.234389,-0.972143
2.9075,0.231958,-0.972726
2.91,0.229525,-0.973303
2.9125,0.227091,-0.973874
2.915,0.224656,-0.974438
2.9175,0.222219,-0.974997
2.92,0.219781,-0.975549
2.9225,0.217341,-0.976096
2.925,0.2149,-0.976636
2.9275,0.212458,-0.97717
2.93,0.210014,-0.977698
2.9325,0.207569,-0.97822
2.935,0.205123,-0.978736
2.9375,0.202676,-0.979246
2.94,0.200227,-0.97975
2.9425,0.197777,-0.980247
2.945,0.195326,-0.980738
2.9475,0.192873,-0.981224
2.95,0.19042,-0.981703
2.9525,0.187965,-0.982176
2.955,0.185509,-0.982643
2.9575,0.183052,-0.983103
2.96,0.180593,-0.983558
2.9625,0.178134,-0.984006
2.965,0.175673,-0.984449
2.9675,0.173212,-0.984885
2.97,0.170749,-0.985315
2.9725,0.168285,-0.985738
2.975,0.16582,-0.986156
2.9775,0.163354,-0.986567
2.98,0.160887,-0.986973
2.9825,0.158419,-0.987372
2.985,0.15595,-0.987765
2.9875,0.15348,-0.988152
2.99,0.15101,-0.988532
2.9925,0.148538,-0.988907
2.995,0.146065,-0.989275
2.9975,0.143591,-0.989637
3,0.141117,-0.989993
3.0025,0.138641,-0.990343
3.005,0.136165,-0.990686
3.0075,0.133688,-0.991023
3.01,0.13121,-0.991355
3.0125,0.128731,-0.99168
3.015,0.126252,-0.991998
3.0175,0.123771,-0.992311
3.02,0.12129,-0.992617
3.0225,0.118808,-0.992917
3.025,0.116326,-0.993211
3.0275,0.113842,-0.993499
3.03,0.111358,-0.99378
3.0325,0.108873,-0.994056
3.035,0.106388,-0.994325
3.0375,0.103902,-0.994588
3.04,0.101415,-0.994844
3.0425,0.0989274,-0.995095
3.045,0.0964394,-0.995339
3.0475,0.0939507,-0.995577
3.05,0.0914615,-0.995809
3.0525,0.0889717,-0.996034
3.055,0.0864813,-0.996253
3.0575,0.0839904,-0.996467
3.06,0.081499,-0.996673
3.0625,0.079007,-0.996874
3.065,0.0765146,-0.997068
3.0675,0.0740217,-0.997257
3.07,0.0715283,-0.997439
3.0725,0.0690345,-0.997614
3.075,0.0665403,-0.997784
3.0775,0.0640456,-0.997947
3.08,0.0615505,-0.998104
3.0825,0.0590551,-0.998255
3.085,0.0565592,-0.998399
3.0875,0.0540631,-0.998538
3.09,0.0515666,-0.99867
3.0925,0.0490697,-0.998795
3.095,0.0465726,-0.998915
3.0975,0.0440751,-0.999028
3.1,0.0415774,-0.999135
3.1025,0.0390795,-0.999236
3.105,0.0365813,-0.999331
3.1075,0.0340828,-0.999419
3.11,0.0315842,-0.999501
3.1125,0.0290853,-0.999577
3.115,0.0265863,-0.999647
3.1175,0.0240871,-0.99971
3.12,0.0215877,-0.999767
3.1225,0.0190882,-0.999818
3.125,0.0165886,-0.999862
3.1275,0.0140889,-0.999901
3.13,0.0115891,-0.999933
3.1325,0.00908927,-0.999959
3.135,0.00658934,-0.999978
3.1375,0.00408937,-0.999992
3.14,0.00158938,-0.999999
3.1425,-0.00091062,-1
3.145,-0.00341062,-0.999994
3.1475,-0.00591059,-0.999983
3.15,-0.00841053,-0.999965
3.1525,-0.0109104,-0.99994
3.155,-0.0134102,-0.99991
3.1575,-0.01591,-0.999873
3.16,-0.0184096,-0.999831
3.1625,-0.0209091,-0.999781
3.165,-0.0234085,-0.999726
3.1675,-0.0259077,-0.999664
3.17,-0.0284068,-0.999596
3.1725,-0.0309057,-0.999522
3.175,-0.0334044,-0.999442
3.1775,-0.0359029,-0.999355
3.18,-0.0384012,-0.999262
3.1825,-0.0408993,-0.999163
3.185,-0.043397,-0.999058
3.1875,-0.0458945,-0.998946
3.19,-0.0483918,-0.998828
3.1925,-0.0508887,-0.998704
3.195,-0.0533853,-0.998574
3.1975,-0.0558816,-0.998437
3.2,-0.0583775,-0.998295
3.2025,-0.060873,-0.998146
3.205,-0.0633682,-0.99799
3.2075,-0.065863,-0.997829
3.21,-0.0683573,-0.997661
3.2125,-0.0708513,-0.997487
3.215,-0.0733448,-0.997307
3.2175,-0.0758378,-0.99712
3.22,-0.0783304,-0.996927
3.2225,-0.0808225,-0.996729
3.225,-0.083314,-0.996523
3.2275,-0.0858051,-0.996312
3.23,-0.0882956,-0.996094
3.2325,-0.0907855,-0.99587
3.235,-0.0932749,-0.99564
3.2375,-0.0957637,-0.995404
3.24,-0.098252,-0.995162
3.2425,-0.10074,-0.994913
3.245,-0.103227,-0.994658
3.2475,-0.105713,-0.994397
3.25,-0.108199,-0.994129
3.2525,-0.110683,-0.993856
3.255,-0.113168,-0.993576
3.2575,-0.115651,-0.99329
3.26,-0.118134,-0.992998
3.2625,-0.120616,-0.992699
3.265,-0.123098,-0.992395
3.2675,-0.125578,-0.992084
3.27,-0.128058,-0.991767
3.2725,-0.130537,-0.991443
3.275,-0.133015,-0.991114
3.2775,-0.135493,-0.990778
3.28,-0.137969,-0.990437
3.2825,-0.140445,-0.990089
3.285,-0.14292,-0.989734
3.2875,-0.145394,-0.989374
3.29,-0.147867,-0.989007
3.2925,-0.150339,-0.988635
3.295,-0.15281,-0.988256
3.2975,-0.15528,-0.987871
3.3,-0.157749,-0.987479
3.3025,-0.160217,-0.987082
3.305,-0.162684,-0.986678
3.3075,-0.165151,-0.986268
3.31,-0.167616,-0.985852
3.3125,-0.17008,-0.98543
3.315,-0.172543,-0.985002
3.3175,-0.175005,-0.984568
3.32,-0.177466,-0.984127
3.3225,-0.179926,-0.98368
3.325,-0.182384,-0.983227
3.3275,-0.184842,-0.982768
3.33,-0.187298,-0.982303
3.3325,-0.189753,-0.981832
3.335,-0.192207,-0.981354
3.3375,-0.19466,-0.980871
3.34,-0.197112,-0.980381
3.3425,-0.199562,-0.979885
3.345,-0.202011,-0.979383
3.3475,-0.204459,-0.978875
3.35,-0.206905,-0.978361
3.3525,-0.209351,-0.977841
3.355,-0.211795,-0.977314
3.3575,-0.214237,-0.976782
3.36,-0.216678,-0.976243
3.3625,-0.219118,-0.975698
3.365,-0.221557,-0.975147
3.3675,-0.223994,-0.97459
3.37,-0.22643,-0.974027
3.3725,-0.228864,-0.973458
3.375,-0.231297,-0.972883
3.3775,-0.233729,-0.972302
3.38,-0.236159,-0.971714
3.3825,-0.238587,-0.971121
3.385,-0.241014,-0.970522
3.3875,-0.24344,-0.969916
3.39,-0.245864,-0.969304
3.3925,-0.248286,-0.968687
3.395,-0.250707,-0.968063
3.3975,-0.253127,-0.967433
3.4,-0.255545,-0.966797
3.4025,-0.257961,-0.966155
3.405,-0.260375,-0.965507
3.4075,-0.262788,-0.964854
3.41,-0.2652,-0.964194
3.4125,-0.267609,-0.963528
3.415,-0.270017,-0.962856
3.4175,-0.272424,-0.962177
3.42,-0.274828,-0.961493
3.4225,-0.277231,-0.960803
3.425,-0.279632,-0.960107
3.4275,-0.282032,-0.959405
3.43,-0.284429,-0.958697
3.4325,-0.286825,-0.957983
3.435,-0.289219,-0.957263
3.4375,-0.291611,-0.956537
3.44,-0.294002,-0.955805
3.4425,-0.29639,-0.955067
3.445,-0.298777,-0.954323
3.4475,-0.301162,-0.953573
3.45,-0.303545,-0.952817
3.4525,-0.305926,-0.952055
3.455,-0.308305,-0.951288
3.4575,-0.310682,-0.950514
3.46,-0.313058,-0.949734
3.4625,-0.315431,-0.948948
3.465,-0.317803,-0.948157
3.4675,-0.320172,-0.947359
3.47,-0.322539,-0.946556
3.4725,-0.324905,-0.945747
3.475,-0.327268,-0.944932
3.4775,-0.329629,-0.94411
3.48,-0.331989,-0.943283
3.4825,-0.334346,-0.94245
3.485,-0.336701,-0.941612
3.4875,-0.339054,-0.940767
3.49,-0.341405,-0.939916
3.4925,-0.343753,-0.93906
3.495,-0.3461,-0.938198
3.4975,-0.348444,-0.937329
3.5,-0.350787,-0.936455
3.5025,-0.353127,-0.935576
3.505,-0.355465,-0.93469
3.5075,-0.3578,-0.933798
3.51,-0.360134,-0.932901
3.5125,-0.362465,-0.931998
3.515,-0.364794,-0.931088
3.5175,-0.36712,-0.930174
3.52,-0.369444,-0.929253
3.5225,-0.371766,-0.928326
3.525,-0.374086,-0.927394
3.5275,-0.376403,-0.926456
3.53,-0.378718,-0.925512
3.5325,-0.381031,-0.924562
3.535,-0.383341,-0.923607
3.5375,-0.385649,-0.922646
3.54,-0.387954,-0.921679
3.5425,-0.390257,-0.920706
3.545,-0.392558,-0.919727
3.5475,-0.394856,-0.918743
3.55,-0.397152,-0.917753
3.5525,-0.399445,-0.916757
3.555,-0.401735,-0.915756
3.5575,-0.404023,-0.914749
3.56,-0.406309,-0.913736
3.5625,-0.408592,-0.912717
3.565,-0.410873,-0.911693
3.5675,-0.413151,-0.910663
3.57,-0.415426,-0.909627
3.5725,-0.417699,-0.908586
3.575,-0.419969,-0.907538
3.5775,-0.422236,-0.906486
3.58,-0.424501,-0.905427
3.5825,-0.426764,-0.904363
3.585,-0.429023,-0.903293
3.5875,-0.43128,-0.902218
3.59,-0.433534,-0.901137
3.5925,-0.435786,-0.90005
3.595,-0.438035,-0.898958
3.5975,-0.440281,-0.89786
3.6,-0.442524,-0.896757
3.6025,-0.444764,-0.895648
3.605,-0.447002,-0.894533
3.6075,-0.449237,-0.893413
3.61,-0.451469,-0.892287
3.6125,-0.453698,-0.891155
3.615,-0.455925,-0.890018
3.6175,-0.458149,-0.888876
3.62,-0.460369,-0.887728
3.6225,-0.462587,-0.886574
3.625,-0.464802,-0.885415
3.6275,-0.467014,-0.88425
3.63,-0.469223,-0.88308
3.6325,-0.47143,-0.881904
3.635,-0.473633,-0.880722
3.6375,-0.475833,-0.879536
3.64,-0.478031,-0.878343
3.6425,-0.480225,-0.877145
3.645,-0.482416,-0.875942
3.6475,-0.484605,-0.874733
3.65,-0.48679,-0.873519
3.6525,-0.488972,-0.872299
3.655,-0.491151,-0.871074
3.6575,-0.493328,-0.869844
3.66,-0.495501,-0.868608
3.6625,-0.497671,-0.867366
3.665,-0.499838,-0.866119
3.6675,-0.502001,-0.864867
3.67,-0.504162,-0.863609
3.6725,-0.506319,-0.862346
3.675,-0.508474,-0.861078
3.6775,-0.510625,-0.859804
3.68,-0.512773,-0.858524
3.6825,-0.514917,-0.85724
3.685,-0.517059,-0.85595
3.6875,-0.519197,-0.854655
3.69,-0.521332,-0.853354
3.6925,-0.523464,-0.852048
3.695,-0.525592,-0.850737
3.6975,-0.527718,-0.84942
3.7,-0.529839,-0.848098
3.7025,-0.531958,-0.846771
3.705,-0.534073,-0.845438
3.7075,-0.536185,-0.8441
3.71,-0.538294,-0.842757
3.7125,-0.540399,-0.841409
3.715,-0.542501,-0.840055
3.7175,-0.544599,-0.838696
3.72,-0.546694,-0.837332
3.7225,-0.548786,-0.835963
3.725,-0.550874,-0.834588
3.7275,-0.552959,-0.833209
3.73,-0.55504,-0.831824
3.7325,-0.557118,-0.830433
3.735,-0.559192,-0.829038
3.7375,-0.561263,-0.827637
3.74,-0.563331,-0.826232
3.7425,-0.565394,-0.824821
3.745,-0.567455,-0.823405
3.7475,-0.569511,-0.821983
3.75,-0.571565,-0.820557
3.7525,-0.573614,-0.819126
3.755,-0.57566,-0.817689
3.7575,-0.577703,-0.816247
3.76,-0.579741,-0.814801
3.7625,-0.581777,-0.813349
3.765,-0.583808,-0.811892
3.7675,-0.585836,-0.81043
3.77,-0.58786,-0.808962
3.7725,-0.589881,-0.80749
3.775,-0.591898,-0.806013
3.7775,-0.593911,-0.804531
3.78,-0.59592,-0.803044
3.7825,-0.597926,-0.801551
3.785,-0.599928,-0.800054
3.7875,-0.601926,-0.798552
3.79,-0.603921,-0.797044
3.7925,-0.605912,-0.795532
3.795,-0.607899,-0.794015
3.7975,-0.609882,-0.792492
3.8,-0.611861,-0.790965
3.8025,-0.613837,-0.789433
3.805,-0.615808,-0.787896
3.8075,-0.617776,-0.786354
3.81,-0.61974,-0.784807
3.8125,-0.6217,-0.783255
3.815,-0.623656,-0.781699
3.8175,-0.625609,-0.780137
3.82,-0.627557,-0.778571
3.8225,-0.629501,-0.776999
3.825,-0.631442,-0.775423
3.8275,-0.633379,-0.773842
3.83,-0.635311,-0.772256
3.8325,-0.63724,-0.770666
3.835,-0.639164,-0.76907
3.8375,-0.641085,-0.76747
3.84,-0.643002,-0.765865
3.8425,-0.644914,-0.764255
3.845,-0.646823,-0.76264
3.8475,-0.648728,-0.761021
3.85,-0.650628,-0.759396
3.8525,-0.652525,-0.757768
3.855,-0.654417,-0.756134
3.8575,-0.656305,-0.754495
3.86,-0.65819,-0.752852
3.8625,-0.66007,-0.751204
3.865,-0.661946,-0.749552
3.8675,-0.663817,-0.747895
3.87,-0.665685,-0.746233
3.8725,-0.667549,-0.744566
3.875,-0.669408,-0.742895
3.8775,-0.671263,-0.741219
3.88,-0.673114,-0.739539
3.8825,-0.674961,-0.737854
3.885,-0.676803,-0.736164
3.8875,-0.678641,-0.73447
3.89,-0.680476,-0.732771
3.8925,-0.682305,-0.731067
3.895,-0.684131,-0.729359
3.8975,-0.685952,-0.727647
3.9,-0.687769,-0.72593
3.9025,-0.689582,-0.724208
3.905,-0.69139,-0.722482
3.9075,-0.693194,-0.720751
3.91,-0.694994,-0.719016
3.9125,-0.696789,-0.717276
3.915,-0.69858,-0.715532
3.9175,-0.700367,-0.713783
3.92,-0.702149,-0.71203
3.9225,-0.703927,-0.710272
3.925,-0.705701,-0.70851
3.9275,-0.70747,-0.706744
3.93,-0.709234,-0.704973
3.9325,-0.710994,-0.703198
3.935,-0.71275,-0.701418
3.9375,-0.714502,-0.699634
3.94,-0.716248,-0.697845
3.9425,-0.717991,-0.696053
3.945,-0.719729,-0.694255
3.9475,-0.721462,-0.692454
3.95,-0.723191,-0.690648
3.9525,-0.724915,-0.688838
3.955,-0.726635,-0.687024
3.9575,-0.72835,-0.685205
3.96,-0.730061,-0.683382
3.9625,-0.731767,-0.681555
3.965,-0.733469,-0.679723
3.9675,-0.735166,-0.677887
3.97,-0.736858,-0.676047
3.9725,-0.738546,-0.674203
3.975,-0.740229,-0.672354
3.9775,-0.741908,-0.670502
3.98,-0.743582,-0.668645
3.9825,-0.745251,-0.666784
3.985,-0.746916,-0.664919
3.9875,-0.748576,-0.663049
3.99,-0.750231,-0.661176
3.9925,-0.751882,-0.659298
3.995,-0.753528,-0.657416
3.9975,-0.755169,-0.65553
4,-0.756805,-0.65364
4.0025,-0.758437,-0.651746
4.005,-0.760064,-0.649848
4.0075,-0.761686,-0.647946
4.01,-0.763304,-0.64604
4.0125,-0.764916,-0.64413
4.015,-0.766524,-0.642215
4.0175,-0.768127,-0.640297
4.02,-0.769726,-0.638375
4.0225,-0.771319,-0.636448
4.025,-0.772908,-0.634518
4.0275,-0.774492,-0.632584
4.03,-0.776071,-0.630646
4.0325,-0.777645,-0.628703
4.035,-0.779214,-0.626757
4.0375,-0.780779,-0.624807
4.04,-0.782339,-0.622853
4.0425,-0.783893,-0.620896
4.045,-0.785443,-0.618934
4.0475,-0.786988,-0.616968
4.05,-0.788528,-0.614999
4.0525,-0.790063,-0.613026
4.055,-0.791593,-0.611049
4.0575,-0.793118,-0.609068
4.06,-0.794638,-0.607083
4.0625,-0.796154,-0.605095
4.065,-0.797664,-0.603102
4.0675,-0.799169,-0.601106
4.07,-0.800669,-0.599107
4.0725,-0.802165,-0.597103
4.075,-0.803655,-0.595096
4.0775,-0.80514,-0.593085
4.08,-0.80662,-0.59107
4.0825,-0.808095,-0.589052
4.085,-0.809566,-0.58703
4.0875,-0.811031,-0.585004
4.09,-0.812491,-0.582974
4.0925,-0.813945,-0.580941
4.095,-0.815395,-0.578905
4.0975,-0.81684,-0.576864
4.1,-0.81828,-0.57482
4.1025,-0.819714,-0.572773
4.105,-0.821143,-0.570722
4.1075,-0.822568,-0.568667
4.11,-0.823987,-0.566609
4.1125,-0.825401,-0.564547
4.115,-0.82681,-0.562482
4.1175,-0.828213,-0.560413
4.12,-0.829612,-0.558341
4.1225,-0.831005,-0.556265
4.125,-0.832393,-0.554186
4.1275,-0.833776,-0.552103
4.13,-0.835153,-0.550017
4.1325,-0.836526,-0.547927
4.135,-0.837893,-0.545834
4.1375,-0.839255,-0.543738
4.14,-0.840612,-0.541638
4.1425,-0.841963,-0.539535
4.145,-0.843309,-0.537428
4.1475,-0.84465,-0.535318
4.15,-0.845986,-0.533205
4.1525,-0.847316,-0.531088
4.155,-0.848641,-0.528969
4.1575,-0.849961,-0.526845
4.16,-0.851276,-0.524719
4.1625,-0.852585,-0.522589
4.165,-0.853889,-0.520456
4.1675,-0.855187,-0.518319
4.17,-0.85648,-0.51618
4.1725,-0.857768,-0.514037
4.175,-0.85905,-0.511891
4.1775,-0.860327,-0.509742
4.18,-0.861599,-0.507589
4.1825,-0.862865,-0.505434
4.185,-0.864126,-0.503275
4.1875,-0.865382,-0.501113
4.19,-0.866632,-0.498948
4.1925,-0.867877,-0.49678
4.195,-0.869116,-0.494609
4.1975,-0.87035,-0.492434
4.2,-0.871578,-0.490257
4.2025,-0.872801,-0.488077
4.205,-0.874018,-0.485893
4.2075,-0.87523,-0.483706
4.21,-0.876437,-0.481517
4.2125,-0.877638,-0.479324
4.215,-0.878833,-0.477129
4.2175,-0.880024,-0.47493
4.22,-0.881208,-0.472729
4.2225,-0.882387,-0.470524
4.225,-0.883561,-0.468317
4.2275,-0.884729,-0.466106
4.23,-0.885891,-0.463893
4.2325,-0.887048,-0.461677
4.235,-0.8882,-0.459458
4.2375,-0.889346,-0.457236
4.24,-0.890486,-0.455011
4.2425,-0.891621,-0.452783
4.245,-0.89275,-0.450553
4.2475,-0.893873,-0.44832
4.25,-0.894991,-0.446084
4.2525,-0.896104,-0.443845
4.255,-0.897211,-0.441603
4.2575,-0.898312,-0.439359
4.26,-0.899407,-0.437111
4.2625,-0.900497,-0.434862
4.265,-0.901582,-0.432609
4.2675,-0.90266,-0.430354
4.27,-0.903733,-0.428096
4.2725,-0.904801,-0.425835
4.275,-0.905863,-0.423572
4.2775,-0.906919,-0.421306
4.28,-0.907969,-0.419037
4.2825,-0.909014,-0.416766
4.285,-0.910053,-0.414492
4.2875,-0.911086,-0.412216
4.29,-0.912114,-0.409937
4.2925,-0.913136,-0.407655
4.295,-0.914152,-0.405371
4.2975,-0.915163,-0.403084
4.3,-0.916168,-0.400795
4.3025,-0.917167,-0.398503
4.305,-0.91816,-0.396209
4.3075,-0.919148,-0.393913
4.31,-0.92013,-0.391613
4.3125,-0.921106,-0.389312
4.315,-0.922076,-0.387008
4.3175,-0.923041,-0.384702
4.32,-0.924,-0.382393
4.3225,-0.924953,-0.380082
4.325,-0.9259,-0.377768
4.3275,-0.926842,-0.375452
4.33,-0.927778,-0.373134
4.3325,-0.928707,-0.370813
4.335,-0.929632,-0.36849
4.3375,-0.93055,-0.366165
4.34,-0.931462,-0.363838
4.3425,-0.932369,-0.361508
4.345,-0.93327,-0.359176
4.3475,-0.934165,-0.356841
4.35,-0.935054,-0.354505
4.3525,-0.935938,-0.352166
4.355,-0.936815,-0.349825
4.3575,-0.937687,-0.347482
4.36,-0.938552,-0.345137
4.3625,-0.939412,-0.342789
4.365,-0.940266,-0.34044
4.3675,-0.941115,-0.338088
4.37,-0.941957,-0.335734
4.3725,-0.942793,-0.333378
4.375,-0.943624,-0.33102
4.3775,-0.944448,-0.32866
4.38,-0.945267,-0.326298
4.3825,-0.94608,-0.323934
4.385,-0.946887,-0.321567
4.3875,-0.947688,-0.319199
4.39,-0.948483,-0.316829
4.3925,-0.949272,-0.314457
4.395,-0.950055,-0.312083
4.3975,-0.950832,-0.309707
4.4,-0.951603,-0.307329
4.4025,-0.952369,-0.304949
4.405,-0.953128,-0.302567
4.4075,-0.953882,-0.300183
4.41,-0.954629,-0.297797
4.4125,-0.955371,-0.29541
4.415,-0.956106,-0.29302
4.4175,-0.956836,-0.290629
4.42,-0.957559,-0.288236
4.4225,-0.958277,-0.285841
4.425,-0.958989,-0.283445
4.4275,-0.959694,-0.281046
4.43,-0.960394,-0.278646
4.4325,-0.961087,-0.276245
4.435,-0.961775,-0.273841
4.4375,-0.962457,-0.271436
4.44,-0.963132,-0.269029
4.4425,-0.963802,-0.26662
4.445,-0.964465,-0.26421
4.4475,-0.965123,-0.261798
4.45,-0.965774,-0.259384
4.4525,-0.96642,-0.256969
4.455,-0.967059,-0.254552
4.4575,-0.967692,-0.252133
4.46,-0.96832,-0.249713
4.4625,-0.968941,-0.247292
4.465,-0.969556,-0.244869
4.4675,-0.970165,-0.242444
4.47,-0.970768,-0.240018
4.4725,-0.971365,-0.23759
4.475,-0.971956,-0.235161
4.4775,-0.972541,-0.23273
4.48,-0.97312,-0.230298
4.4825,-0.973693,-0.227865
4.485,-0.974259,-0.22543
4.4875,-0.97482,-0.222994
4.49,-0.975374,-0.220556
4.4925,-0.975923,-0.218117
4.495,-0.976465,-0.215676
4.4975,-0.977001,-0.213234
4.5,-0.977531,-0.210791
4.5025,-0.978055,-0.208347
4.505,-0.978573,-0.205901
4.5075,-0.979085,-0.203454
4.51,-0.97959,-0.201006
4.5125,-0.98009,-0.198556
4.515,-0.980583,-0.196105
4.5175,-0.98107,-0.193653
4.52,-0.981551,-0.1912
4.5225,-0.982026,-0.188745
4.525,-0.982495,-0.18629
4.5275,-0.982958,-0.183833
4.53,-0.983414,-0.181375
4.5325,-0.983864,-0.178916
4.535,-0.984309,-0.176455
4.5375,-0.984747,-0.173994
4.54,-0.985179,-0.171532
4.5425,-0.985604,-0.169068
4.545,-0.986024,-0.166604
4.5475,-0.986437,-0.164138
4.55,-0.986845,-0.161672
4.5525,-0.987246,-0.159204
4.555,-0.987641,-0.156735
4.5575,-0.988029,-0.154266
4.56,-0.988412,-0.151795
4.5625,-0.988788,-0.149324
4.565,-0.989159,-0.146851
4.5675,-0.989523,-0.144378
4.57,-0.98988,-0.141904
4.5725,-0.990232,-0.139428
4.575,-0.990578,-0.136952
4.5775,-0.990917,-0.134476
4.58,-0.99125,-0.131998
4.5825,-0.991577,-0.129519
4.585,-0.991898,-0.12704
4.5875,-0.992212,-0.12456
4.59,-0.99252,-0.122079
4.5925,-0.992823,-0.119597
4.595,-0.993118,-0.117115
4.5975,-0.993408,-0.114632
4.6,-0.993692,-0.112148
4.6025,-0.993969,-0.109663
4.605,-0.99424,-0.107178
4.6075,-0.994505,-0.104692
4.61,-0.994763,-0.102205
4.6125,-0.995016,-0.0997182
4.615,-0.995262,-0.0972303
4.6175,-0.995502,-0.0947419
4.62,-0.995736,-0.0922528
4.6225,-0.995963,-0.0897632
4.625,-0.996184,-0.087273
4.6275,-0.9964,-0.0847823
4.63,-0.996608,-0.082291
4.6325,-0.996811,-0.0797992
4.635,-0.997007,-0.0773069
4.6375,-0.997198,-0.0748142
4.64,-0.997381,-0.072321
4.6425,-0.997559,-0.0698273
4.645,-0.997731,-0.0673332
4.6475,-0.997896,-0.0648386
4.65,-0.998055,-0.0623437
4.6525,-0.998207,-0.0598483
4.655,-0.998354,-0.0573526
4.6575,-0.998494,-0.0548566
4.66,-0.998628,-0.0523602
4.6625,-0.998756,-0.0498634
4.665,-0.998878,-0.0473664
4.6675,-0.998993,-0.044869
4.67,-0.999102,-0.0423714
4.6725,-0.999205,-0.0398735
4.675,-0.999301,-0.0373754
4.6775,-0.999392,-0.034877
4.68,-0.999476,-0.0323784
4.6825,-0.999554,-0.0298797
4.685,-0.999625,-0.0273807
4.6875,-0.99969,-0.0248815
4.69,-0.999749,-0.0223822
4.6925,-0.999802,-0.0198828
4.695,-0.999849,-0.0173832
4.6975,-0.999889,-0.0148835
4.7,-0.999923,-0.0123838
4.7025,-0.999951,-0.00988392
4.705,-0.999973,-0.00738401
4.7075,-0.999988,-0.00488406
4.71,-0.999997,-0.00238407
4.7125,-1,0.000115928
4.715,-0.999997,0.00261593
4.7175,-0.999987,0.00511591
4.72,-0.999971,0.00761586
4.7225,-0.999949,0.0101158
4.725,-0.99992,0.0126156
4.7275,-0.999886,0.0151154
4.73,-0.999845,0.017615
4.7325,-0.999798,0.0201146
4.735,-0.999744,0.022614
4.7375,-0.999685,0.0251133
4.74,-0.999619,0.0276124
4.7425,-0.999547,0.0301114
4.745,-0.999468,0.0326102
4.7475,-0.999384,0.0351087
4.75,-0.999293,0.0376071
4.7525,-0.999195,0.0401052
4.755,-0.999092,0.0426031
4.7575,-0.998982,0.0451007
4.76,-0.998867,0.047598
4.7625,-0.998744,0.050095
4.765,-0.998616,0.0525917
4.7675,-0.998482,0.0550881
4.77,-0.998341,0.0575841
4.7725,-0.998194,0.0600798
4.775,-0.99804,0.0625751
4.7775,-0.997881,0.06507
4.78,-0.997715,0.0675645
4.7825,-0.997543,0.0700586
4.785,-0.997365,0.0725522
4.7875,-0.99718,0.0750454
4.79,-0.996989,0.0775381
4.7925,-0.996792,0.0800303
4.795,-0.996589,0.0825221
4.7975,-0.99638,0.0850133
4.8,-0.996164,0.087504
4.8025,-0.995942,0.0899941
4.805,-0.995714,0.0924837
4.8075,-0.99548,0.0949727
4.81,-0.995239,0.0974611
4.8125,-0.994993,0.0999489
4.815,-0.99474,0.102436
4.8175,-0.99448,0.104923
4.82,-0.994215,0.107408
4.8225,-0.993943,0.109894
4.825,-0.993666,0.112378
4.8275,-0.993381,0.114862
4.83,-0.993091,0.117345
4.8325,-0.992795,0.119827
4.835,-0.992492,0.122309
4.8375,-0.992183,0.12479
4.84,-0.991868,0.12727
4.8425,-0.991547,0.129749
4.845,-0.991219,0.132228
4.8475,-0.990886,0.134705
4.85,-0.990546,0.137182
4.8525,-0.9902,0.139658
4.855,-0.989848,0.142133
4.8575,-0.989489,0.144607
4.86,-0.989125,0.147081
4.8625,-0.988754,0.149553
4.865,-0.988377,0.152024
4.8675,-0.987994,0.154495
4.87,-0.987604,0.156964
4.8725,-0.987209,0.159433
4.875,-0.986807,0.1619
4.8775,-0.986399,0.164367
4.88,-0.985985,0.166832
4.8825,-0.985565,0.169297
4.885,-0.985139,0.17176
4.8875,-0.984706,0.174222
4.89,-0.984268,0.176684
4.8925,-0.983823,0.179144
4.895,-0.983372,0.181603
4.8975,-0.982915,0.184061
4.9,-0.982452,0.186517
4.9025,-0.981982,0.188973
4.905,-0.981507,0.191427
4.9075,-0.981025,0.19388
4.91,-0.980537,0.196332
4.9125,-0.980044,0.198783
4.915,-0.979543,0.201233
4.9175,-0.979037,0.203681
4.92,-0.978525,0.206128
4.9225,-0.978007,0.208573
4.925,-0.977482,0.211018
4.9275,-0.976952,0.213461
4.93,-0.976415,0.215903
4.9325,-0.975872,0.218343
4.935,-0.975323,0.220782
4.9375,-0.974768,0.22322
4.94,-0.974207,0.225656
4.9425,-0.97364,0.228091
4.945,-0.973067,0.230524
4.9475,-0.972487,0.232956
4.95,-0.971902,0.235386
4.9525,-0.97131,0.237815
4.955,-0.970713,0.240243
4.9575,-0.970109,0.242669
4.96,-0.969499,0.245094
4.9625,-0.968884,0.247517
4.965,-0.968262,0.249938
4.9675,-0.967634,0.252358
4.97,-0.967,0.254776
4.9725,-0.96636,0.257193
4.975,-0.965714,0.259608
4.9775,-0.965062,0.262021
4.98,-0.964404,0.264433
4.9825,-0.96374,0.266843
4.985,-0.96307,0.269252
4.9875,-0.962394,0.271659
4.99,-0.961711,0.274064
4.9925,-0.961023,0.276467
4.995,-0.960329,0.278869
4.9975,-0.959629,0.281269
5,-0.958923,0.283667
5.0025,-0.958211,0.286064
5.005,-0.957492,0.288458
5.0075,-0.956768,0.290851
5.01,-0.956038,0.293242
5.0125,-0.955302,0.295631
5.015,-0.95456,0.298019
5.0175,-0.953812,0.300404
5.02,-0.953058,0.302788
5.0225,-0.952298,0.305169
5.025,-0.951532,0.307549
5.0275,-0.95076,0.309927
5.03,-0.949983,0.312303
5.0325,-0.949199,0.314677
5.035,-0.948409,0.317049
5.0375,-0.947614,0.319419
5.04,-0.946812,0.321787
5.0425,-0.946005,0.324153
5.045,-0.945191,0.326517
5.0475,-0.944372,0.328879
5.05,-0.943547,0.331239
5.0525,-0.942716,0.333597
5.055,-0.941879,0.335952
5.0575,-0.941036,0.338306
5.06,-0.940187,0.340658
5.0625,-0.939333,0.343007
5.065,-0.938472,0.345354
5.0675,-0.937606,0.347699
5.07,-0.936734,0.350042
5.0725,-0.935856,0.352383
5.075,-0.934972,0.354722
5.0775,-0.934082,0.357058
5.08,-0.933187,0.359392
5.0825,-0.932285,0.361724
5.085,-0.931378,0.364053
5.0875,-0.930465,0.366381
5.09,-0.929546,0.368706
5.0925,-0.928621,0.371028
5.095,-0.927691,0.373349
5.0975,-0.926755,0.375667
5.1,-0.925813,0.377983
5.1025,-0.924865,0.380296
5.105,-0.923911,0.382607
5.1075,-0.922952,0.384916
5.11,-0.921987,0.387222
5.1125,-0.921016,0.389526
5.115,-0.920039,0.391827
5.1175,-0.919057,0.394126
5.12,-0.918068,0.396422
5.1225,-0.917074,0.398716
5.125,-0.916075,0.401007
5.1275,-0.915069,0.403296
5.13,-0.914058,0.405583
5.1325,-0.913041,0.407867
5.135,-0.912019,0.410148
5.1375,-0.910991,0.412427
5.14,-0.909957,0.414703
5.1425,-0.908917,0.416977
5.145,-0.907872,0.419248
5.1475,-0.906821,0.421516
5.15,-0.905764,0.423782
5.1525,-0.904702,0.426045
5.155,-0.903634,0.428305
5.1575,-0.902561,0.430563
5.16,-0.901481,0.432818
5.1625,-0.900396,0.43507
5.165,-0.899306,0.43732
5.1675,-0.89821,0.439567
5.17,-0.897108,0.441811
5.1725,-0.896001,0.444052
5.175,-0.894888,0.446291
5.1775,-0.893769,0.448527
5.18,-0.892645,0.45076
5.1825,-0.891516,0.45299
5.185,-0.89038,0.455217
5.1875,-0.889239,0.457442
5.19,-0.888093,0.459664
5.1925,-0.886941,0.461882
5.195,-0.885784,0.464098
5.1975,-0.884621,0.466311
5.2,-0.883452,0.468521
5.2025,-0.882278,0.470729
5.205,-0.881098,0.472933
5.2075,-0.879913,0.475134
5.21,-0.878723,0.477332
5.2125,-0.877527,0.479528
5.215,-0.876325,0.48172
5.2175,-0.875118,0.483909
5.22,-0.873906,0.486096
5.2225,-0.872688,0.488279
5.225,-0.871464,0.490459
5.2275,-0.870235,0.492636
5.23,-0.869001,0.49481
5.2325,-0.867761,0.496981
5.235,-0.866516,0.499149
5.2375,-0.865266,0.501314
5.24,-0.86401,0.503475
5.2425,-0.862748,0.505634
5.245,-0.861481,0.507789
5.2475,-0.860209,0.509941
5.25,-0.858932,0.51209
5.2525,-0.857649,0.514236
5.255,-0.856361,0.516378
5.2575,-0.855067,0.518518
5.26,-0.853768,0.520654
5.2625,-0.852464,0.522787
5.265,-0.851154,0.524916
5.2675,-0.849839,0.527042
5.27,-0.848519,0.529165
5.2725,-0.847193,0.531285
5.275,-0.845862,0.533401
5.2775,-0.844526,0.535514
5.28,-0.843185,0.537624
5.2825,-0.841838,0.53973
5.285,-0.840486,0.541833
5.2875,-0.839129,0.543933
5.29,-0.837766,0.546029
5.2925,-0.836399,0.548121
5.295,-0.835026,0.550211
5.2975,-0.833648,0.552297
5.3,-0.832264,0.554379
5.3025,-0.830876,0.556458
5.305,-0.829482,0.558533
5.3075,-0.828083,0.560605
5.31,-0.826679,0.562674
5.3125,-0.82527,0.564739
5.315,-0.823855,0.5668
5.3175,-0.822436,0.568858
5.32,-0.821011,0.570912
5.3225,-0.819581,0.572963
5.325,-0.818146,0.57501
5.3275,-0.816706,0.577054
5.33,-0.815261,0.579094
5.3325,-0.813811,0.58113
5.335,-0.812355,0.583163
5.3375,-0.810895,0.585192
5.34,-0.809429,0.587217
5.3425,-0.807959,0.589239
5.345,-0.806483,0.591257
5.3475,-0.805003,0.593271
5.35,-0.803517,0.595282
5.3525,-0.802026,0.597289
5.355,-0.80053,0.599292
5.3575,-0.79903,0.601292
5.36,-0.797524,0.603287
5.3625,-0.796013,0.605279
5.365,-0.794498,0.607267
5.3675,-0.792977,0.609252
5.37,-0.791451,0.611232
5.3725,-0.789921,0.613209
5.375,-0.788385,0.615182
5.3775,-0.786845,0.617151
5.38,-0.785299,0.619116
5.3825,-0.783749,0.621077
5.385,-0.782194,0.623035
5.3875,-0.780634,0.624988
5.39,-0.779069,0.626938
5.3925,-0.777499,0.628884
5.395,-0.775925,0.630826
5.3975,-0.774345,0.632763
5.4,-0.772761,0.634697
5.4025,-0.771172,0.636627
5.405,-0.769578,0.638553
5.4075,-0.767979,0.640475
5.41,-0.766375,0.642393
5.4125,-0.764767,0.644307
5.415,-0.763154,0.646217
5.4175,-0.761536,0.648123
5.42,-0.759913,0.650024
5.4225,-0.758286,0.651922
5.425,-0.756654,0.653816
5.4275,-0.755017,0.655706
5.43,-0.753375,0.657591
5.4325,-0.751729,0.659472
5.435,-0.750078,0.66135
5.4375,-0.748422,0.663223
5.44,-0.746762,0.665092
5.4425,-0.745097,0.666957
5.445,-0.743427,0.668817
5.4475,-0.741753,0.670674
5.45,-0.740074,0.672526
5.4525,-0.73839,0.674374
5.455,-0.736702,0.676218
5.4575,-0.735009,0.678058
5.46,-0.733311,0.679893
5.4625,-0.731609,0.681724
5.465,-0.729903,0.683551
5.4675,-0.728192,0.685374
5.47,-0.726476,0.687192
5.4725,-0.724756,0.689006
5.475,-0.723031,0.690816
5.4775,-0.721302,0.692621
5.48,-0.719568,0.694422
5.4825,-0.717829,0.696219
5.485,-0.716087,0.698011
5.4875,-0.714339,0.699799
5.49,-0.712588,0.701583
5.4925,-0.710831,0.703362
5.495,-0.709071,0.705137
5.4975,-0.707306,0.706908
5.5,-0.705536,0.708674
5.5025,-0.703762,0.710435
5.505,-0.701984,0.712193
5.5075,-0.700201,0.713945
5.51,-0.698414,0.715694
5.5125,-0.696623,0.717437
5.515,-0.694827,0.719177
5.5175,-0.693027,0.720912
5.52,-0.691223,0.722642
5.5225,-0.689414,0.724368
5.525,-0.687601,0.726089
5.5275,-0.685783,0.727806
5.53,-0.683962,0.729518
5.5325,-0.682136,0.731226
5.535,-0.680306,0.732929
5.5375,-0.678471,0.734627
5.54,-0.676632,0.736321
5.5425,-0.67479,0.73801
5.545,-0.672942,0.739695
5.5475,-0.671091,0.741375
5.55,-0.669236,0.74305
5.5525,-0.667376,0.744721
5.555,-0.665512,0.746387
5.5575,-0.663644,0.748049
5.56,-0.661772,0.749705
5.5625,-0.659895,0.751358
5.565,-0.658015,0.753005
5.5675,-0.65613,0.754648
5.57,-0.654242,0.756286
5.5725,-0.652349,0.757919
5.575,-0.650452,0.759547
5.5775,-0.648551,0.761171
5.58,-0.646646,0.76279
5.5825,-0.644737,0.764404
5.585,-0.642824,0.766014
5.5875,-0.640907,0.767618
5.59,-0.638986,0.769218
5.5925,-0.637061,0.770813
5.595,-0.635132,0.772404
5.5975,-0.633199,0.773989
5.6,-0.631262,0.77557
5.6025,-0.629321,0.777145
5.605,-0.627376,0.778716
5.6075,-0.625428,0.780282
5.61,-0.623475,0.781843
5.6125,-0.621518,0.7834
5.615,-0.619558,0.784951
5.6175,-0.617594,0.786497
5.62,-0.615625,0.788039
5.6225,-0.613653,0.789575
5.625,-0.611678,0.791107
5.6275,-0.609698,0.792634
5.63,-0.607714,0.794156
5.6325,-0.605727,0.795672
5.635,-0.603736,0.797184
5.6375,-0.601741,0.798691
5.64,-0.599743,0.800193
5.6425,-0.59774,0.80169
5.645,-0.595734,0.803182
5.6475,-0.593724,0.804669
5.65,-0.591711,0.80615
5.6525,-0.589694,0.807627
5.655,-0.587673,0.809099
5.6575,-0.585648,0.810565
5.66,-0.58362,0.812027
5.6625,-0.581588,0.813484
5.665,-0.579552,0.814935
5.6675,-0.577513,0.816381
5.67,-0.575471,0.817823
5.6725,-0.573424,0.819259
5.675,-0.571374,0.82069
5.6775,-0.569321,0.822116
5.68,-0.567264,0.823536
5.6825,-0.565203,0.824952
5.685,-0.563139,0.826362
5.6875,-0.561071,0.827768
5.69,-0.559,0.829168
5.6925,-0.556925,0.830563
5.695,-0.554847,0.831952
5.6975,-0.552766,0.833337
5.7,-0.550681,0.834716
5.7025,-0.548592,0.83609
5.705,-0.5465,0.837459
5.7075,-0.544405,0.838823
5.71,-0.542306,0.840181
5.7125,-0.540204,0.841534
5.715,-0.538098,0.842882
5.7175,-0.535989,0.844225
5.72,-0.533877,0.845562
5.7225,-0.531762,0.846894
5.725,-0.529643,0.848221
5.7275,-0.527521,0.849542
5.73,-0.525395,0.850858
5.7325,-0.523266,0.852169
5.735,-0.521134,0.853475
5.7375,-0.518999,0.854775
5.74,-0.51686,0.85607
5.7425,-0.514719,0.857359
5.745,-0.512574,0.858643
5.7475,-0.510425,0.859922
5.75,-0.508274,0.861195
5.7525,-0.506119,0.862463
5.755,-0.503962,0.863726
5.7575,-0.501801,0.864983
5.76,-0.499637,0.866235
5.7625,-0.49747,0.867481
5.765,-0.495299,0.868722
5.7675,-0.493126,0.869958
5.77,-0.490949,0.871188
5.7725,-0.48877,0.872413
5.775,-0.486587,0.873632
5.7775,-0.484402,0.874846
5.78,-0.482213,0.876054
5.7825,-0.480022,0.877257
5.785,-0.477827,0.878454
5.7875,-0.475629,0.879646
5.79,-0.473429,0.880832
5.7925,-0.471225,0.882013
5.795,-0.469019,0.883188
5.7975,-0.466809,0.884358
5.8,-0.464597,0.885522
5.8025,-0.462382,0.886681
5.805,-0.460163,0.887834
5.8075,-0.457942,0.888982
5.81,-0.455719,0.890124
5.8125,-0.453492,0.89126
5.815,-0.451262,0.892391
5.8175,-0.44903,0.893517
5.82,-0.446795,0.894637
5.8225,-0.444557,0.895751
5.825,-0.442316,0.896859
5.8275,-0.440072,0.897962
5.83,-0.437826,0.89906
5.8325,-0.435577,0.900151
5.835,-0.433325,0.901238
5.8375,-0.431071,0.902318
5.84,-0.428814,0.903393
5.8425,-0.426554,0.904462
5.845,-0.424291,0.905526
5.8475,-0.422026,0.906584
5.85,-0.419758,0.907636
5.8525,-0.417488,0.908682
5.855,-0.415215,0.909723
5.8575,-0.412939,0.910758
5.86,-0.410661,0.911788
5.8625,-0.408381,0.912812
5.865,-0.406097,0.91383
5.8675,-0.403811,0.914842
5.87,-0.401523,0.915849
5.8725,-0.399232,0.91685
5.875,-0.396939,0.917845
5.8775,-0.394643,0.918835
5.88,-0.392345,0.919818
5.8825,-0.390044,0.920796
5.885,-0.387741,0.921769
5.8875,-0.385435,0.922735
5.89,-0.383127,0.923696
5.8925,-0.380817,0.924651
5.895,-0.378504,0.9256
5.8975,-0.376189,0.926543
5.9,-0.373871,0.927481
5.9025,-0.371551,0.928413
5.905,-0.369229,0.929338
5.9075,-0.366904,0.930259
5.91,-0.364578,0.931173
5.9125,-0.362249,0.932082
5.915,-0.359917,0.932984
5.9175,-0.357584,0.933881
5.92,-0.355248,0.934772
5.9225,-0.35291,0.935657
5.925,-0.35057,0.936537
5.9275,-0.348227,0.93741
5.93,-0.345882,0.938278
5.9325,-0.343536,0.93914
5.935,-0.341187,0.939996
5.9375,-0.338836,0.940846
5.94,-0.336483,0.94169
5.9425,-0.334127,0.942528
5.945,-0.33177,0.94336
5.9475,-0.32941,0.944187
5.95,-0.327049,0.945007
5.9525,-0.324685,0.945822
5.955,-0.32232,0.946631
5.9575,-0.319952,0.947434
5.96,-0.317583,0.948231
5.9625,-0.315211,0.949022
5.965,-0.312838,0.949807
5.9675,-0.310462,0.950586
5.97,-0.308085,0.951359
5.9725,-0.305705,0.952126
5.975,-0.303324,0.952887
5.9775,-0.300941,0.953643
5.98,-0.298556,0.954392
5.9825,-0.296169,0.955136
5.985,-0.29378,0.955873
5.9875,-0.29139,0.956605
5.99,-0.288997,0.95733
5.9925,-0.286603,0.958049
5.995,-0.284207,0.958763
5.9975,-0.281809,0.959471
6,-0.27941,0.960172
6.0025,-0.277008,0.960868
6.005,-0.274605,0.961557
6.0075,-0.2722,0.962241
6.01,-0.269794,0.962918
6.0125,-0.267386,0.96359
6.015,-0.264976,0.964255
6.0175,-0.262565,0.964914
6.02,-0.260151,0.965568
6.0225,-0.257737,0.966215
6.025,-0.25532,0.966857
6.0275,-0.252902,0.967492
6.03,-0.250483,0.968121
6.0325,-0.248062,0.968744
6.035,-0.245639,0.969361
6.0375,-0.243215,0.969972
6.04,-0.240789,0.970577
6.0425,-0.238362,0.971176
6.045,-0.235933,0.971769
6.0475,-0.233503,0.972356
6.05,-0.231072,0.972937
6.0525,-0.228639,0.973511
6.055,-0.226204,0.97408
6.0575,-0.223768,0.974642
6.06,-0.221331,0.975199
6.0625,-0.218892,0.975749
6.065,-0.216452,0.976293
6.0675,-0.214011,0.976831
6.07,-0.211568,0.977363
6.0725,-0.209124,0.977889
6.075,-0.206679,0.978409
6.0775,-0.204232,0.978923
6.08,-0.201784,0.97943
6.0825,-0.199335,0.979931
6.085,-0.196884,0.980427
6.0875,-0.194433,0.980916
6.09,-0.19198,0.981399
6.0925,-0.189526,0.981876
6.095,-0.18707,0.982347
6.0975,-0.184614,0.982811
6.1,-0.182156,0.98327
6.1025,-0.179698,0.983722
6.105,-0.177238,0.984168
6.1075,-0.174777,0.984608
6.11,-0.172315,0.985042
6.1125,-0.169851,0.98547
6.115,-0.167387,0.985891
6.1175,-0.164922,0.986307
6.12,-0.162456,0.986716
6.1225,-0.159988,0.987119
6.125,-0.15752,0.987516
6.1275,-0.155051,0.987907
6.13,-0.152581,0.988291
6.1325,-0.150109,0.988669
6.135,-0.147637,0.989042
6.1375,-0.145164,0.989408
6.14,-0.14269,0.989767
6.1425,-0.140215,0.990121
6.145,-0.13774,0.990468
6.1475,-0.135263,0.99081
6.15,-0.132786,0.991145
6.1525,-0.130307,0.991474
6.155,-0.127828,0.991796
6.1575,-0.125348,0.992113
6.16,-0.122868,0.992423
6.1625,-0.120386,0.992727
6.165,-0.117904,0.993025
6.1675,-0.115421,0.993317
6.17,-0.112937,0.993602
6.1725,-0.110453,0.993881
6.175,-0.107968,0.994154
6.1775,-0.105482,0.994421
6.18,-0.102996,0.994682
6.1825,-0.100509,0.994936
6.185,-0.0980212,0.995184
6.1875,-0.0955329,0.995426
6.19,-0.0930441,0.995662
6.1925,-0.0905546,0.995892
6.195,-0.0880646,0.996115
6.1975,-0.0855741,0.996332
6.2,-0.083083,0.996543
6.2025,-0.0805914,0.996747
6.205,-0.0780992,0.996946
6.2075,-0.0756066,0.997138
6.21,-0.0731135,0.997324
6.2125,-0.07062,0.997503
6.215,-0.068126,0.997677
6.2175,-0.0656316,0.997844
6.22,-0.0631368,0.998005
6.2225,-0.0606416,0.99816
6.225,-0.058146,0.998308
6.2275,-0.0556501,0.99845
6.23,-0.0531538,0.998586
6.2325,-0.0506571,0.998716
6.235,-0.0481602,0.99884
6.2375,-0.0456629,0.998957
6.24,-0.0431654,0.999068
6.2425,-0.0406676,0.999173
6.245,-0.0381695,0.999271
6.2475,-0.0356712,0.999364
6.25,-0.0331727,0.99945
6.2525,-0.030674,0.999529
6.255,-0.0281751,0.999603
6.2575,-0.025676,0.99967
6.26,-0.0231767,0.999731
6.2625,-0.0206773,0.999786
6.265,-0.0181778,0.999835
6.2675,-0.0156781,0.999877
6.27,-0.0131784,0.999913
6.2725,-0.0106786,0.999943
6.275,-0.00817868,0.999967
6.2775,-0.00567874,0.999984
6.28,-0.00317876,0.999995
6.2825,-0.000678763,1
6.285,0.00182124,0.999998
6.2875,0.00432123,0.999991
6.29,0.00682119,0.999977
6.2925,0.00932111,0.999957
6.295,0.011821,0.99993
6.2975,0.0143208,0.999897
6.3,0.0168205,0.999859
6.3025,0.0193201,0.999813
6.305,0.0218195,0.999762
6.3075,0.0243189,0.999704
6.31,0.0268181,0.99964
6.3125,0.0293171,0.99957
6.315,0.0318159,0.999494
6.3175,0.0343145,0.999411
6.32,0.036813,0.999322
6.3225,0.0393111,0.999227
6.325,0.0418091,0.999126
6.3275,0.0443068,0.999018
6.33,0.0468042,0.998904
6.3325,0.0493013,0.998784
6.335,0.0517981,0.998658
6.3375,0.0542946,0.998525
6.34,0.0567907,0.998386
6.3425,0.0592865,0.998241
6.345,0.0617819,0.99809
6.3475,0.064277,0.997932
6.35,0.0667716,0.997768
6.3525,0.0692658,0.997598
6.355,0.0717596,0.997422
6.3575,0.0742529,0.997239
6.36,0.0767458,0.997051
6.3625,0.0792382,0.996856
6.365,0.0817301,0.996655
6.3675,0.0842214,0.996447
6.37,0.0867123,0.996233
6.3725,0.0892026,0.996014
6.375,0.0916924,0.995787
6.3775,0.0941815,0.995555
6.38,0.0966701,0.995316
6.3825,0.0991581,0.995072
6.385,0.101645,0.994821
6.3875,0.104132,0.994563
6.39,0.106618,0.9943
6.3925,0.109104,0.99403
6.395,0.111588,0.993755
6.3975,0.114073,0.993472
6.4,0.116556,0.993184
6.4025,0.119038,0.99289
6.405,0.12152,0.992589
6.4075,0.124001,0.992282
6.41,0.126482,0.991969
6.4125,0.128961,0.99165
6.415,0.13144,0.991324
6.4175,0.133918,0.990992
6.42,0.136395,0.990655
6.4225,0.138871,0.99031
6.425,0.141346,0.98996
6.4275,0.143821,0.989604
6.43,0.146294,0.989241
6.4325,0.148767,0.988872
6.435,0.151239,0.988497
6.4375,0.15371,0.988116
6.44,0.156179,0.987729
6.4425,0.158648,0.987335
6.445,0.161116,0.986935
6.4475,0.163583,0.98653
6.45,0.166049,0.986118
6.4525,0.168514,0.985699
6.455,0.170977,0.985275
6.4575,0.17344,0.984844
6.46,0.175901,0.984408
6.4625,0.178362,0.983965
6.465,0.180821,0.983516
6.4675,0.18328,0.983061
6.47,0.185737,0.9826
6.4725,0.188193,0.982132
6.475,0.190647,0.981659
6.4775,0.193101,0.981179
6.48,0.195553,0.980693
6.4825,0.198004,0.980201
6.485,0.200454,0.979703
6.4875,0.202903,0.979199
6.49,0.20535,0.978689
6.4925,0.207796,0.978172
6.495,0.210241,0.97765
6.4975,0.212684,0.977121
6.5,0.215127,0.976586
6.5025,0.217567,0.976045
6.505,0.220007,0.975498
6.5075,0.222445,0.974945
6.51,0.224882,0.974386
6.5125,0.227317,0.973821
6.515,0.229751,0.97325
6.5175,0.232183,0.972672
6.52,0.234614,0.972089
6.5225,0.237044,0.971499
6.525,0.239472,0.970903
6.5275,0.241898,0.970302
6.53,0.244323,0.969694
6.5325,0.246746,0.96908
6.535,0.249168,0.96846
6.5375,0.251589,0.967834
6.54,0.254008,0.967202
6.5425,0.256425,0.966564
6.545,0.25884,0.96592
6.5475,0.261254,0.96527
6.55,0.263667,0.964614
6.5525,0.266077,0.963952
6.555,0.268487,0.963283
6.5575,0.270894,0.962609
6.56,0.2733,0.961929
6.5625,0.275704,0.961243
6.565,0.278106,0.96055
6.5675,0.280506,0.959852
6.57,0.282905,0.959148
6.5725,0.285302,0.958438
6.575,0.287697,0.957721
6.5775,0.290091,0.956999
6.58,0.292482,0.956271
6.5825,0.294872,0.955537
6.585,0.29726,0.954797
6.5875,0.299646,0.95405
6.59,0.30203,0.953298
6.5925,0.304412,0.95254
6.595,0.306793,0.951776
6.5975,0.309171,0.951006
6.6,0.311548,0.95023
6.6025,0.313923,0.949449
6.605,0.316295,0.948661
6.6075,0.318666,0.947867
6.61,0.321034,0.947068
6.6125,0.323401,0.946262
6.615,0.325766,0.945451
6.6175,0.328128,0.944633
6.62,0.330489,0.94381
6.6225,0.332847,0.942981
6.625,0.335204,0.942146
6.6275,0.337558,0.941305
6.63,0.33991,0.940458
6.6325,0.34226,0.939605
6.635,0.344608,0.938747
6.6375,0.346954,0.937882
6.64,0.349298,0.937012
6.6425,0.351639,0.936136
6.645,0.353978,0.935254
6.6475,0.356316,0.934366
6.65,0.35865,0.933472
6.6525,0.360983,0.932572
6.655,0.363313,0.931667
6.6575,0.365641,0.930756
6.66,0.367967,0.929839
6.6625,0.37029,0.928916
6.665,0.372612,0.927987
6.6675,0.37493,0.927053
6.67,0.377247,0.926113
6.6725,0.379561,0.925167
6.675,0.381873,0.924215
6.6775,0.384182,0.923257
6.68,0.386489,0.922294
6.6825,0.388793,0.921325
6.685,0.391096,0.92035
6.6875,0.393395,0.919369
6.69,0.395692,0.918383
6.6925,0.397987,0.917391
6.695,0.400279,0.916393
6.6975,0.402569,0.91539
6.7,0.404856,0.91438
6.7025,0.407141,0.913365
6.705,0.409423,0.912345
6.7075,0.411703,0.911318
6.71,0.41398,0.910286
6.7125,0.416254,0.909248
6.715,0.418526,0.908205
6.7175,0.420795,0.907156
6.72,0.423062,0.906101
6.7225,0.425326,0.90504
6.725,0.427587,0.903974
6.7275,0.429846,0.902902
6.73,0.432101,0.901825
6.7325,0.434355,0.900742
6.735,0.436605,0.899653
6.7375,0.438853,0.898559
6.74,0.441098,0.897459
6.7425,0.44334,0.896353
6.745,0.44558,0.895242
6.7475,0.447816,0.894126
6.75,0.45005,0.893003
6.7525,0.452281,0.891875
6.755,0.45451,0.890742
6.7575,0.456735,0.889603
6.76,0.458958,0.888458
6.7625,0.461177,0.887308
6.765,0.463394,0.886152
6.7675,0.465608,0.884991
6.77,0.467819,0.883824
6.7725,0.470027,0.882652
6.775,0.472233,0.881474
6.7775,0.474435,0.880291
6.78,0.476634,0.879102
6.7825,0.47883,0.877908
6.785,0.481023,0.876708
6.7875,0.483214,0.875502
6.79,0.485401,0.874292
6.7925,0.487585,0.873075
6.795,0.489766,0.871854
6.7975,0.491944,0.870627
6.8,0.49412,0.869394
6.8025,0.496291,0.868156
6.805,0.49846,0.866913
6.8075,0.500626,0.865664
6.81,0.502789,0.864409
6.8125,0.504948,0.86315
6.815,0.507104,0.861885
6.8175,0.509257,0.860614
6.82,0.511407,0.859338
6.8225,0.513554,0.858057
6.825,0.515698,0.856771
6.8275,0.517838,0.855479
6.83,0.519975,0.854181
6.8325,0.522109,0.852879
6.835,0.52424,0.851571
6.8375,0.526367,0.850258
6.84,0.528491,0.848939
6.8425,0.530611,0.847615
6.845,0.532729,0.846286
6.8475,0.534843,0.844952
6.85,0.536954,0.843612
6.8525,0.539061,0.842267
6.855,0.541165,0.840916
6.8575,0.543266,0.839561
6.86,0.545363,0.8382
6.8625,0.547457,0.836834
6.865,0.549547,0.835463
6.8675,0.551634,0.834086
6.87,0.553717,0.832705
6.8725,0.555797,0.831318
6.875,0.557874,0.829926
6.8775,0.559947,0.828528
6.88,0.562017,0.827126
6.8825,0.564083,0.825718
6.885,0.566145,0.824306
6.8875,0.568204,0.822888
6.89,0.57026,0.821465
6.8925,0.572312,0.820036
6.895,0.57436,0.818603
6.8975,0.576405,0.817165
6.9,0.578446,0.815721
6.9025,0.580483,0.814272
6.905,0.582517,0.812819
6.9075,0.584547,0.81136
6.91,0.586574,0.809896
6.9125,0.588597,0.808427
6.915,0.590616,0.806953
6.9175,0.592631,0.805474
6.92,0.594643,0.80399
6.9225,0.596651,0.802501
6.925,0.598656,0.801006
6.9275,0.600656,0.799507
6.93,0.602653,0.798003
6.9325,0.604646,0.796494
6.935,0.606636,0.79498
6.9375,0.608621,0.793461
6.94,0.610603,0.791937
6.9425,0.612581,0.790408
6.945,0.614555,0.788874
6.9475,0.616525,0.787335
6.95,0.618492,0.785791
6.9525,0.620454,0.784243
6.955,0.622413,0.782689
6.9575,0.624368,0.78113
6.96,0.626319,0.779567
6.9625,0.628266,0.777999
6.965,0.630209,0.776426
6.9675,0.632148,0.774848
6.97,0.634083,0.773265
6.9725,0.636014,0.771677
6.975,0.637941,0.770085
6.9775,0.639865,0.768488
6.98,0.641784,0.766886
6.9825,0.643699,0.765279
6.985,0.64561,0.763667
6.9875,0.647517,0.762051
6.99,0.64942,0.76043
6.9925,0.651319,0.758804
6.995,0.653214,0.757173
6.9975,0.655105,0.755538
7,0.656992,0.753897
7.0025,0.658875,0.752253
7.005,0.660753,0.750603
7.0075,0.662628,0.748949
7.01,0.664498,0.74729
7.0125,0.666364,0.745626
7.015,0.668226,0.743958
7.0175,0.670084,0.742285
7.02,0.671938,0.740608
7.0225,0.673787,0.738926
7.025,0.675632,0.737239
7.0275,0.677473,0.735547
7.03,0.67931,0.733851
7.0325,0.681143,0.732151
7.035,0.682971,0.730446
7.0375,0.684795,0.728736
7.04,0.686614,0.727022
7.0425,0.68843,0.725303
7.045,0.690241,0.72358
7.0475,0.692048,0.721852
7.05,0.69385,0.720119
7.0525,0.695648,0.718382
7.055,0.697442,0.716641
7.0575,0.699232,0.714895
7.06,0.701017,0.713145
7.0625,0.702797,0.71139
7.065,0.704574,0.709631
7.0675,0.706345,0.707867
7.07,0.708113,0.706099
7.0725,0.709876,0.704327
7.075,0.711635,0.70255
7.0775,0.713389,0.700769
7.08,0.715138,0.698983
7.0825,0.716884,0.697193
7.085,0.718624,0.695398
7.0875,0.720361,0.6936
7.09,0.722092,0.691797
7.0925,0.72382,0.689989
7.095,0.725542,0.688178
7.0975,0.72726,0.686362
7.1,0.728974,0.684541
7.1025,0.730683,0.682717
7.105,0.732388,0.680888
7.1075,0.734088,0.679055
7.11,0.735783,0.677217
7.1125,0.737474,0.675376
7.115,0.73916,0.67353
7.1175,0.740841,0.67168
7.12,0.742518,0.669826
7.1225,0.74419,0.667967
7.125,0.745858,0.666105
7.1275,0.747521,0.664238
7.13,0.749179,0.662367
7.1325,0.750833,0.660492
7.135,0.752482,0.658613
7.1375,0.754126,0.65673
7.14,0.755765,0.654843
7.1425,0.7574,0.652951
7.145,0.75903,0.651056
7.1475,0.760655,0.649156
7.15,0.762276,0.647252
7.1525,0.763892,0.645345
7.155,0.765503,0.643433
7.1575,0.767109,0.641517
7.16,0.76871,0.639597
7.1625,0.770307,0.637673
7.165,0.771899,0.635746
7.1675,0.773486,0.633814
7.17,0.775068,0.631878
7.1725,0.776645,0.629939
7.175,0.778217,0.627995
7.1775,0.779785,0.626048
7.18,0.781348,0.624096
7.1825,0.782905,0.622141
7.185,0.784458,0.620182
7.1875,0.786006,0.618219
7.19,0.787549,0.616252
7.1925,0.789088,0.614281
7.195,0.790621,0.612306
7.1975,0.792149,0.610328
7.2,0.793672,0.608345
7.2025,0.795191,0.606359
7.205,0.796704,0.604369
7.2075,0.798213,0.602376
7.21,0.799716,0.600378
7.2125,0.801215,0.598377
7.215,0.802708,0.596372
7.2175,0.804196,0.594364
7.22,0.80568,0.592351
7.2225,0.807158,0.590335
7.225,0.808631,0.588316
7.2275,0.8101,0.586292
7.23,0.811563,0.584265
7.2325,0.813021,0.582234
7.235,0.814474,0.5802
7.2375,0.815922,0.578162
7.24,0.817365,0.57612
7.2425,0.818803,0.574075
7.245,0.820235,0.572026
7.2475,0.821663,0.569974
7.25,0.823085,0.567918
7.2525,0.824502,0.565858
7.255,0.825914,0.563795
7.2575,0.827321,0.561729
7.26,0.828723,0.559659
7.2625,0.83012,0.557585
7.265,0.831511,0.555508
7.2675,0.832897,0.553428
7.27,0.834278,0.551344
7.2725,0.835654,0.549256
7.275,0.837024,0.547165
7.2775,0.83839,0.545071
7.28,0.83975,0.542974
7.2825,0.841105,0.540872
7.285,0.842454,0.538768
7.2875,0.843798,0.53666
7.29,0.845137,0.534549
7.2925,0.846471,0.532435
7.295,0.8478,0.530317
7.2975,0.849123,0.528196
7.3,0.850441,0.526071
7.3025,0.851753,0.523943
7.305,0.85306,0.521812
7.3075,0.854362,0.519678
7.31,0.855659,0.51754
7.3125,0.85695,0.5154
7.315,0.858236,0.513256
7.3175,0.859516,0.511109
7.32,0.860791,0.508958
7.3225,0.862061,0.506805
7.325,0.863325,0.504648
7.3275,0.864584,0.502488
7.33,0.865838,0.500325
7.3325,0.867086,0.498159
7.335,0.868329,0.495989
7.3375,0.869566,0.493817
7.34,0.870798,0.491642
7.3425,0.872024,0.489463
7.345,0.873245,0.487282
7.3475,0.87446,0.485097
7.35,0.87567,0.482909
7.3525,0.876875,0.480719
7.355,0.878074,0.478525
7.3575,0.879268,0.476328
7.36,0.880456,0.474129
7.3625,0.881638,0.471926
7.365,0.882815,0.46972
7.3675,0.883987,0.467512
7.37,0.885153,0.4653
7.3725,0.886313,0.463086
7.375,0.887468,0.460869
7.3775,0.888618,0.458649
7.38,0.889762,0.456426
7.3825,0.8909,0.4542
7.385,0.892033,0.451971
7.3875,0.89316,0.44974
7.39,0.894281,0.447505
7.3925,0.895397,0.445268
7.395,0.896508,0.443028
7.3975,0.897612,0.440786
7.4,0.898711,0.43854
7.4025,0.899805,0.436292
7.405,0.900893,0.434041
7.4075,0.901975,0.431788
7.41,0.903052,0.429532
7.4125,0.904123,0.427273
7.415,0.905188,0.425011
7.4175,0.906248,0.422747
7.42,0.907302,0.42048
7.4225,0.90835,0.41821
7.425,0.909393,0.415938
7.4275,0.91043,0.413663
7.43,0.911461,0.411386
7.4325,0.912487,0.409106
7.435,0.913507,0.406823
7.4375,0.914521,0.404538
7.44,0.91553,0.402251
7.4425,0.916532,0.399961
7.445,0.917529,0.397668
7.4475,0.918521,0.395373
7.45,0.919506,0.393075
7.4525,0.920486,0.390775
7.455,0.92146,0.388473
7.4575,0.922428,0.386168
7.46,0.923391,0.383861
7.4625,0.924348,0.381551
7.465,0.925299,0.379239
7.4675,0.926244,0.376925
7.47,0.927183,0.374608
7.4725,0.928117,0.372289
7.475,0.929045,0.369967
7.4775,0.929967,0.367644
7.48,0.930883,0.365317
7.4825,0.931793,0.362989
7.485,0.932698,0.360659
7.4875,0.933597,0.358326
7.49,0.93449,0.355991
7.4925,0.935377,0.353653
7.495,0.936258,0.351314
7.4975,0.937133,0.348972
7.5,0.938003,0.346628
